000007
000010
000014
000016
000018
000020
000021
000037
000050
000058
000059
000060
000061
000063
000066
000071
000073
000074
000078
000080
000096
000097
000098
000099
000100
000101
000102
000230
000231
000247
000260
000372
000373
000374
000375
000376
000377
000378
000379
000380
000381
000382
000383
000384
000385
000388
000389
000391
000392
000393
000394
000395
000396
000602
000603
000606
000607
000608
000613
000614
000620
000621
000622
000623
000624
000629
000630
000631
000632
000633
000634
000635
000636
000637
000638
000639
000640
000641
000642
000650
000651
000655
000656
000657
000660
000668
000669
000670
000671
000672
000678
000679
000680
000681
000682
000691
000692
000693
000716
000717
000718
000719
000723
000724
000725
000726
000727
000750
000808
000815
000818
000835
000839
000850
072434
072464
099001
443850
710780
710790
711250
711300
718454
718500
718520
718530
718575
718630
718660
718670
718690
719130
719200
719240
719250
719260
723495
724340
724345
724396
724400
724450
724454
724456
724460
724463
724490
724500
724506
724507
724510
724515
724516
724517
724518
724520
724555
724556
724560
724565
724580
724585
724586
724604
724620
724625
724627
724635
724636
724640
724650
724655
724660
724666
724675
724676
724677
724680
724690
724698
724699
724760
724765
724767
724768
724769
725440
725450
725455
725460
725465
725467
725470
725476
725480
725485
725490
725496
725500
725510
725515
725520
725524
725526
725533
725555
725560
725565
725566
725570
725580
725610
725620
725626
725628
725635
725636
725640
725645
725650
725660
725690
725715
725717
725745
725760
725765
726416
726430
726435
726440
726490
726510
726515
726525
726530
726540
726545
726546
726550
726555
726556
726557
726559
726567
726578
726580
726584
726586
726589
726590
726620
726650
726660
726665
726670
726676
726685
726686
726695
726770
727445
727450
727455
727457
727459
727470
727476
727530
727535
727550
727564
727576
727580
727640
727645
727670
727676
727680
727684
727687
742300
743410
743570
744310
744330
744370
744400
744450
744490
744550
745300
745320
745330
745410
745420
745460
745500
745510
745560
999050
999350
