000103
000161
000180
000181
000182
000183
000184
000185
000211
000237
000238
000270
000271
000273
000274
000275
000277
000278
000279
000285
000286
000287
000288
000289
000290
000291
000292
000293
000294
000295
000298
000311
000312
000313
000314
000315
000332
000335
000339
000346
000347
000348
000349
000350
000351
000352
000353
000354
000357
000358
000359
000362
000601
000654
000728
000731
000732
000760
000761
000762
000763
000801
000831
000832
000833
000837
000838
000844
000845
000952
000953
000954
000955
000956
000957
000958
000959
000960
046006
046014
046030
046047
046086
072384
450040
466920
469020
471100
471530
476350
476710
477720
545110
548570
583670
722593
722730
722735
722740
722780
722800
722865
722868
722880
722886
722897
722900
722904
722910
722927
722930
722950
722970
722977
723700
723710
723720
723723
723740
723747
723754
723755
723760
723783
723805
723810
723815
723816
723820
723840
723860
723870
723890
723910
723925
723930
723940
723965
724700
724723
724735
724754
724755
724756
724773
724776
724795
724796
724800
724815
724830
724835
724839
724855
724856
724860
724870
724880
724890
724915
724917
724920
724927
724930
724940
724945
724957
725705
725720
725724
725744
725750
725775
725805
725810
725820
725825
725827
725830
725837
725840
725846
725847
725905
725910
725920
725945
725946
725958
740030
746120
747185
747187
747188
760013
760053
761510
761600
762530
762555
762560
764050
764055
764056
914080
914130
915004
915005
915006
915007
915009
941200
946100
983270
984290
988360
999020
999030
999100
999140
999180
999200
999250
999340
999370
999380
999540
