000052
000053
000054
000055
000072
000076
000085
000151
000192
000193
000195
000212
000233
000266
000267
000366
000367
000401
000405
000406
000501
000628
000647
000648
000705
000706
000707
000708
000709
000711
000712
000713
000720
000722
000735
000736
000744
000745
000746
000747
000802
000816
000817
000819
000822
000823
000943
000944
000945
000946
000947
041001
041002
041004
041006
041010
042001
042003
044014
072327
090014
090015
408290
409540
409900
421820
431500
444540
619670
722010
722016
722020
722024
722025
722029
722030
722039
722040
722045
722050
722056
722060
722067
722070
722079
722080
722100
722103
722106
722108
722110
722115
722116
722120
722130
722136
722137
722140
722146
722150
722160
722166
722170
722180
722190
722195
722196
722200
722210
722223
722230
722235
722245
722250
722255
722260
722268
722280
722286
722287
722290
722300
722330
722340
722348
723013
723030
723035
723040
723050
723060
723065
723066
723068
723069
723070
723080
723090
723095
723100
723106
723110
723119
723120
723125
723140
723145
723150
723170
723183
723193
723230
723235
723240
723260
723265
723270
723320
723340
723346
724106
727960
746620
746716
746943
747685
747690
747800
747810
747900
747910
747915
747940
765906
766440
766493
780160
780610
780620
780700
780730
780920
782210
782240
782290
782550
782560
782593
782640
782670
782680
782684
783334
783460
783570
783670
783840
783880
783970
784090
784390
784570
784600
784790
784850
784860
785140
785145
785203
785260
785430
785470
785500
785830
786150
786370
786500
786630
786660
787000
787010
787030
787050
787060
787070
787080
787110
787140
787170
787190
787200
787240
787300
787410
787613
787620
787625
787670
787740
787838
787920
787930
787935
787950
788067
788460
788564
788580
788590
788620
788660
788730
788940
788970
789050
789060
789070
789820
789880
789900
800010
800090
800220
800280
800940
801100
801120
802100
802220
804070
804150
820220
828240
840080
840710
842030
845010
846280
851540
852010
855740
856290
874800
980091
994040
999040
999260
999290
999300
999320
999400
999909
999911
