000065
000081
000082
000091
000190
000191
000194
000196
000197
000198
000199
000200
000213
000234
000235
000236
000239
000240
000241
000251
000252
000253
000257
000258
000261
000280
000282
000283
000284
000299
000355
000356
000386
000387
000390
000397
000398
000399
000502
000625
000627
000644
000645
000646
000649
000658
000659
000661
000662
000663
000664
000665
000667
000673
000674
000675
000676
000683
000684
000698
000699
000721
000737
000738
000739
000740
000741
000742
000753
000754
000805
000813
000821
000847
000851
000852
000853
000854
000939
000940
000941
000942
001006
028952
035363
035394
044004
044005
044008
044009
044011
044017
044025
044027
044065
045001
045002
045003
045004
045005
045006
045007
045008
045012
045132
045139
045142
072524
099002
099006
099007
099008
296340
368700
383531
384570
420200
710810
710820
711510
712630
713680
713950
713970
713990
715380
716000
716010
716030
716090
716230
716240
716250
716270
716278
716280
716290
716300
716330
717010
717050
717060
717070
717140
717220
717250
717310
717380
717390
717460
717490
718110
718160
718220
718230
718340
718360
718365
718480
719060
719070
719090
719150
719170
723086
723180
723489
724010
724016
724017
724020
724030
724040
724045
724050
724060
724066
724067
724070
724075
724080
724085
724089
724095
724096
724097
724100
724110
724120
724125
724127
724140
724170
724175
724176
724177
724210
724220
724230
724236
724237
724240
724243
724250
724260
724273
724275
724280
724285
724286
724290
724297
724320
724330
724336
724350
724373
724375
724380
724386
724390
724397
724398
725010
725020
725025
725030
725035
725036
725037
725038
725040
725045
725046
725058
725060
725063
725064
725065
725067
725070
725074
725080
725084
725085
725087
725088
725090
725095
725103
725115
725116
725125
725126
725127
725128
725130
725140
725145
725150
725155
725156
725165
725170
725180
725185
725186
725190
725197
725200
725204
725205
725207
725210
725235
725240
725246
725250
725260
725266
725267
725280
725287
725290
725300
725305
725315
725316
725320
725326
725330
725336
725337
725340
725346
725350
725360
725366
725370
725375
725384
725387
725390
725395
725396
725430
726050
726055
726060
726064
726077
726079
726080
726083
726088
726115
726116
726134
726140
726145
726160
726170
726180
726184
726185
726190
726196
726220
726223
726227
726228
726320
726340
726350
726357
726360
726370
726375
726379
726384
726385
726387
726390
726400
726410
726415
726450
726455
726456
726463
726465
726480
726487
727033
727119
727120
727130
727340
727344
727347
727415
727430
727435
727437
727440
743700
743890
743945
744570
744655
744660
744680
744860
744900
744904
744910
744915
744940
744994
745600
878600
999080
999240
999550
999560
