000201
000255
000256
001001
001384
002460
002465
002974
003005
003135
003357
003644
003649
003772
003957
004018
006181
006200
006451
006610
007149
008001
008160
008397
008594
062400
062900
070930
081810
082220
082840
102240
103840
105130
106370
108660
110100
110360
115180
121500
123750
124240
128430
132750
154210
161050
162390
162420
167460
170620
171280
172800
176060
260630
276120
375490
402700
402900
404370
404380
405820
406080
406500
406890
406900
406910
407540
411700
411940
412170
600300
601550
602300
606800
610520
612230
616410
617010
622710
623060
637390
637910
638180
642100
652010
654620
655480
655780
656600
661600
682880
688160
711970
718010
718030
718090
718150
789540
821910
823320
823980
825620
825790
825990
827530
828610
829750
830630
832290
833620
837210
837220
837430
837800
839670
862180
871550
875760
999060
999070
999090
999110
999130
999150
999160
999170
999190
999220
999270
999280
999310
999330
999440
999530
