000003
000005
000009
000011
000017
000019
000057
000152
000154
000155
000156
000158
000160
000170
000171
000172
000173
000227
000228
000229
000259
000276
000310
000333
000334
000336
000337
000345
000368
000369
000370
000371
000617
000618
000619
000652
000653
000729
000730
000733
000734
000755
000756
000757
000758
000759
000834
000841
000842
000948
000949
000950
000951
046002
046005
046015
046029
072578
072783
319600
503530
710310
710430
710513
710680
710720
711080
711090
711190
711230
711280
712030
714963
717990
718720
718740
718770
718800
718840
718920
718930
718960
719310
719340
719360
719450
719460
725776
725780
725785
725788
725865
725866
725867
725895
725970
726664
726700
726710
726764
726776
726785
726796
726797
726798
726810
726830
726835
726865
726873
726880
726886
726904
726917
726930
726940
726950
726980
726985
726986
726988
727720
727730
727750
727770
727790
727796
727810
727815
727820
727825
727826
727827
727830
727834
727840
727845
727846
727850
727856
727857
727860
727870
727883
727885
727890
727910
727920
727923
727924
727930
727934
727935
727937
727938
727970
727976
