000001
000002
000004
000008
000012
000015
000202
000203
000204
000205
000206
000207
000208
000209
000210
000232
000301
000302
000303
000304
000305
000306
000307
000338
000340
000341
000342
000765
000766
000767
000768
000769
000770
000900
000901
000902
000903
000904
000905
000906
000907
000908
000909
000910
000911
000912
000913
000914
000915
000916
000917
000918
000919
000920
000921
000922
000923
000924
000925
000926
000927
000928
000929
000930
000931
000932
000933
000934
000935
000936
000937
000938
021982
025173
025399
025551
025563
025677
046001
046003
046035
070341
255940
700260
700860
701040
701330
701620
701740
701780
701940
702000
702070
702120
702190
702220
702310
702315
702350
702510
702550
702590
702610
702650
702660
702670
702710
702720
702730
702740
702750
702770
702820
702910
702960
703050
703080
703160
703210
703260
703400
703410
703430
703500
703610
703620
703670
703710
703810
703860
703870
703950
703980
704140
704540
704820
704890
712220
719530
719570
719640
719660
719665
999120
999360
999902
999903
