     1  1875   174    69.58  -140.18
     2  1973   173    69.90  -128.97
     3  2042   174    69.58  -120.75
     4  1946   213    65.00  -132.00
     5  2048   213    65.00  -120.00
     6  2198   212    65.10  -102.43
     7  1878   256    60.00  -140.00
     8  2048   256    60.00  -120.00
     9  2219   256    60.00  -100.00
    10  1989   281    57.00  -127.00
    11  1806   169    70.20  -148.47
    12  2166   310    53.63  -106.20
    13  1726   195    67.10  -157.85
    14  2175   307    53.99  -105.12
    15  2065   317    52.88  -118.07
    16  2159   234    62.50  -107.00
    17  2134   393    43.90  -110.00
    18  2241   377    45.80   -97.45
    19  2257   397    43.50   -95.60
    20  2281   484    33.22   -92.80
    21  2264   409    42.04   -94.79
    22  2280   409    42.11   -92.92
    23  2338   477    34.10   -86.10
    24  2349   468    35.20   -84.80
    25  2355   471    34.80   -84.05
    26  2382   455    36.72   -80.97
    27  2105   356    48.32  -113.35
    28  2158   408    42.20  -107.20
    29  2181   403    42.76  -104.45
    30  2199   407    42.30  -102.40
    31  2220   404    42.60   -99.90
    32  2166   434    39.10  -106.20
    33  2314   450    37.30   -88.90
    34  2282   425    40.20   -92.60
    35  2235   470    34.90   -98.10
    36  2176   356    48.31  -105.10
    37  2306   476    34.25   -89.87
    38  2174   425    40.13  -105.24
    39  2245   448    37.48   -96.93
    40  2353   461    35.96   -84.29
    41  2216   402    42.86  -100.41
    42  2267   418    41.02   -94.36
    43  2409   409    42.04   -77.76
    44  2394   434    39.17   -79.52
    45  2310   497    31.71   -89.41
    46  2386   385    44.92   -80.42
    47  2189   382    45.27  -103.54
    48  2179   386    44.79  -104.73
    49  2186   388    44.46  -103.85
    50  2179   398    43.35  -104.69
    51  2188   396    43.53  -103.65
    52  2254   380    45.50   -95.90
    53  2275   392    44.10   -93.50
    54  2075   466    35.34  -116.88
    55  2325   474    34.40   -87.60
    56  2039   363    47.50  -121.10
    57  2025   388    44.50  -122.70
    58  2091   392    44.00  -115.00
    59  2037   368    46.90  -121.30
    60  2044   392    44.10  -120.50
    61  2037   404    42.70  -121.40
    62  2128   491    32.42  -110.73
    63  2241   455    36.61   -97.49
    64  2038   378    45.68  -121.27
    65  2035   378    45.72  -121.56
    66  2042   378    45.68  -120.82
    67  2047   378    45.72  -120.21
    68  2033   443    38.06  -121.77
    69  2029   451    37.10  -122.28
    70  2027   445    37.82  -122.47
    71  2027   444    37.94  -122.50
    72  2039   452    37.07  -121.12
    73  2106   425    40.20  -113.30
    74  2441   424    40.42   -73.98
    75  2434   450    37.20   -74.80
    76  2439   460    36.05   -74.25
    77  2414   488    32.80   -77.20
    78  2443   439    38.60   -73.75
    79  2328   519    29.20   -87.25
    80  2343   373    46.31   -85.46
    81  2328   365    47.18   -87.22
    82  2317   401    42.97   -88.55
    83  2454   384    44.94   -72.51
    84  2372   450    37.27   -82.10
    85  2372   450    90.00     0.00
    86  1736   134    74.30  -156.60
    87  1878   128    75.00  -140.00
    88  1594   251    60.60  -173.30
    89  1692   257    59.90  -161.75
    90  1794   231    62.88  -149.83
    91  1802   249    60.79  -148.83
    92  1794   252    60.49  -149.79
    93  1800   248    60.95  -149.14
    94  1803   249    60.78  -148.72
    95  2097   519    29.22  -114.28
    96  2376   459    36.20   -81.65
    97  2322   404    42.59   -87.94
    98  2067   404    42.59  -117.87
    99  2028   366    47.08  -122.36
   100  2014   367    46.91  -124.11
   101  2297   361    47.66   -90.91
   102  2294   369    46.77   -91.25
   103  1703   296    55.31  -160.52
   104  2410   466    35.33   -77.60
   105  2453   388    44.53   -72.61
   106  2388   413    41.63   -80.21
   107  2384   438    38.69   -80.65
   108  2068   473    34.57  -117.67
   109  2071   475    34.37  -117.36
   110  2337   376    45.97   -86.17
   111  2333   372    46.42   -86.65
   112  2307   434    39.16   -89.67
   113  2206   392    44.05  -101.60
   114  2337   396    43.58   -86.24
   115  2345   397    43.43   -85.30
   116  2352   398    43.37   -84.44
   117  2183   475    34.38  -104.23
   118  2663   369    46.70   -48.00
   119  2602   365    47.20   -55.10
   120  2338   403    42.75   -86.10
   121  2336   408    42.41   -86.28
   122  2072   381    45.35  -117.23
   123  2259   413    41.59   -95.34
   124  2323   394    43.78   -87.85
   125  2195   504    30.90  -102.85
   126  2290   481    33.64   -91.75
   127  2285   459    36.22   -92.28
   128  2189   500    31.38  -103.51
   129  2378   542    26.42   -81.44
   130  2382   540    26.75   -80.94
   131  2225   502    31.18   -99.32
   132  2214   507    30.59  -100.65
   133  2040   434    39.08  -120.94
   134  2048   448    37.51  -120.04
   135  2046   447    37.58  -120.27
   136  2054   454    36.83  -119.33
   137  2037   462    35.85  -121.31
   138  2033   364    47.31  -121.85
   139  2038   439    38.49  -121.22
   140  2042   434    39.13  -120.80
   141  2028   420    40.72  -122.43
   142  2437   422    40.50   -74.45
   143  2470   401    42.99   -70.62
   144  2445   380    45.50   -73.57
   145  2451   417    41.10   -72.89
   146  2032   429    39.69  -121.91
   147  2039   434    39.17  -121.11
   148  2051   464    35.62  -119.69
   149  2038   464    35.66  -121.28
   150  2021   438    38.61  -123.21
   151  2021   439    38.51  -123.22
   152  2023   437    38.78  -122.99
   153  2046   451    37.11  -120.24
   154  2031   427    39.99  -122.06
   155  2022   435    39.00  -123.12
   156  2023   439    38.51  -122.96
   157  2166   482    33.50  -106.18
   158  2162   479    33.82  -106.65
   159  2120   422    40.58  -111.63
   160  2364   394    43.78   -82.99
   161  1861   273    58.00  -142.00
   162  1852   307    54.00  -143.00
   163  1903   290    56.00  -137.00
   164  1750   299    55.00  -155.00
   165  1886   316    53.00  -139.00
   166  1815   332    51.10  -147.40
   167  1690   324    52.00  -162.00
   168  1761   345    49.50  -153.70
   169  1632   348    49.20  -168.80
   170  1920   341    50.00  -135.00
   171  1972   439    38.50  -129.00
   172  1997   478    34.00  -126.00
   173  2023   516    29.50  -123.00
   174  2048   555    25.00  -120.00
   175  2091   555    25.00  -115.00
   176  1871   390    44.30  -140.80
   177  1843   361    47.70  -144.10
   178  1903   449    37.40  -137.00
   179  1895   367    47.00  -138.00
   180  1916   396    43.60  -135.50
   181  1935   429    39.70  -133.30
   182  1967   354    48.50  -129.50
   183  1984   387    44.60  -127.50
   184  1866   337    50.50  -141.38
   185  1989   422    40.50  -126.98
   186  1451   299    55.00   170.00
   187  1536   299    55.00   180.00
   188  1494   256    60.00   175.00
   189  2135   403    42.80  -109.81
   190  2030   434    39.15  -122.15
   191  2034   419    40.88  -121.66
   192  2045   444    37.99  -120.38
   193  2061   446    37.74  -118.59
   194  2056   459    36.20  -119.10
   195  2061   461    35.97  -118.54
   196  2057   471    34.83  -118.95
   197  2046   460    36.14  -120.35
   198  2061   455    36.65  -118.48
   199  2447   405    42.47   -73.29
   200  2371   433    39.21   -82.23
   201  2122   422    40.48  -111.43
   202  2098   486    33.02  -114.24
   203  2131   499    31.49  -110.30
   204  2152   495    32.02  -107.87
   205  2182   508    30.43  -104.33
   206  2217   526    28.39  -100.29
   207  2229   541    26.57   -98.82
   208  2254   523    28.71   -95.96
   209  2290   514    29.81   -91.66
   210  2377   557    24.70   -81.51
   211  2500   615    17.98   -67.08
   212  2034   374    46.19  -121.70
   213  2029   373    46.28  -122.28
   214  2032   381    45.35  -121.94
   215  2031   391    44.17  -122.06
   216  2227   384    45.03   -99.11
   217  2245   380    45.46   -96.99
   218  2260   441    38.28   -95.22
   219  2248   428    39.86   -96.63
   220  2162   389    44.38  -106.72
   221  2150   388    44.52  -108.08
   222  2302   383    45.10   -90.30
   223  2285   388    44.46   -92.29
   224  2159   450    37.29  -107.06
   225  2146   442    38.23  -108.56
   226  2152   426    40.05  -107.89
   227  2291   413    41.64   -91.54
   228  2172   435    39.05  -105.51
   229  2165   426    40.05  -106.36
   230  2325   437    38.76   -87.61
   231  2317   434    39.07   -88.53
   232  2301   419    40.94   -90.43
   233  2302   429    39.77   -90.24
   234  2319   431    39.48   -88.28
   235  2221   398    43.39   -99.84
   236  2198   401    43.02  -102.52
   237  2182   393    43.89  -104.32
   238  2196   388    44.56  -102.66
   239  2170   395    43.74  -105.74
   240  2311   374    46.15   -89.21
   241  2327   371    46.54   -87.39
   242  2340   370    46.68   -85.97
   243  2314   370    46.61   -88.91
   244  2330   529    28.00   -87.00
   245  2273   527    28.20   -93.70
   246  2285   525    28.50   -92.30
   247  2296   530    27.90   -91.00
   248  2313   529    28.00   -89.00
   249  2347   529    28.00   -85.00
   250  2398   503    31.00   -79.00
   251  2518   358    48.00   -65.00
   252  2121   433    39.30  -111.46
   253  2179   454    36.74  -104.65
   254  2415   452    36.99   -77.00
   255  2399   445    37.86   -78.89
   256  2424   439    38.54   -76.03
   257  2409   454    36.77   -77.79
   258  2485   394    43.78   -68.86
   259  2390   440    38.40   -80.00
   260  2059   450    37.20  -118.80
   261  2191   362    47.61  -103.26
   262  2245   445    37.80   -97.01
   263  2268   473    34.60   -94.30
   264  2260   444    37.90   -95.20
   265  2206   439    38.50  -101.50
   266  2175   449    37.40  -105.20
   267  2174   461    36.00  -105.30
   268  2205   476    34.20  -101.70
   269  2225   481    33.60   -99.30
   270  2241   480    33.70   -97.40
   271  2285   451    37.10   -92.30
   272  2159   418    41.00  -107.00
   273  2098   373    46.25  -114.15
   274  2112   367    47.00  -112.50
   275  2100   350    49.00  -114.00
   276  2151   345    49.50  -108.00
   277  2185   350    49.00  -104.00
   278  2228   363    47.50   -99.00
   279  2240   374    46.20   -97.50
   280  2262   375    46.00   -95.00
   281  2354   420    40.80   -84.20
   282  2390   444    38.00   -80.00
   283  2368   474    34.50   -82.50
   284  2236   412    41.73   -98.01
   285  2259   413    41.58   -95.34
   286  2245   407    42.24   -96.98
   287  2230   446    37.70   -98.75
   288  2233   352    48.75   -98.39
   289  2245   352    48.75   -96.94
   290  2251   388    44.46   -96.25
   291  2260   399    43.17   -95.21
   292  2224   399    43.22   -99.40
   293  2230   399    43.26   -98.76
   294  2239   419    40.90   -97.62
   295  2221   420    40.79   -99.78
   296  2240   425    40.15   -97.58
   297  2225   429    39.73   -99.32
   298  2302   454    36.77   -90.32
   299  2327   449    37.36   -87.40
   300  2342   435    39.05   -85.61
   301  2367   446    37.75   -82.64
   302  2358   455    36.61   -83.74
   303  2348   453    36.86   -84.86
   304  2356   443    38.06   -83.98
   305  2204   417    41.12  -101.77
   306  2214   410    41.96  -100.57
   307  2136   396    43.55  -109.69
   308  2126   403    42.71  -110.94
   309  2129   411    41.82  -110.56
   310  2144   385    44.87  -108.79
   311  2147   385    44.91  -108.45
   312  2163   395    43.71  -106.63
   313  2306   397    43.52   -89.77
   314  2317   394    43.77   -88.49
   315  2302   402    42.89   -90.24
   316  2320   401    43.04   -88.24
   317  2310   392    44.04   -89.31
   318  2312   415    41.35   -89.15
   319  2332   412    41.70   -86.82
   320  2323   417    41.07   -87.85
   321  2312   410    41.89   -89.08
   322  2289   380    45.42   -91.77
   323  2266   383    45.10   -94.51
   324  2251   386    44.73   -96.27
   325  2200   426    40.10  -102.24
   326  2195   437    38.76  -102.79
   327  2330   383    45.29   -86.98
   328  2306   389    44.36   -89.84
   329  2440   427    39.99   -74.17
   330  2340   446    37.70   -85.87
   331  2235   446    37.67   -98.12
   332  2236   450    37.28   -98.04
   333  2256   441    38.30   -95.72
   334  2251   445    37.85   -96.29
   335  2234   437    38.75   -98.23
   336  2442   430    39.55   -73.90
   337  2462   429    39.70   -71.60
   338  2257   451    37.09   -95.57
   339  2239   441    38.35   -97.69
   340  2225   449    37.35   -99.35
   341  2229   467    35.30   -98.90
   342  2245   465    35.50   -97.00
   343  2264   469    34.98   -94.69
   344  2206   456    36.60  -101.60
   345  2401   405    42.50   -78.68
   346  2427   394    43.76   -75.68
   347  2296   492    32.35   -91.03
   348  2378   547    25.86   -81.38
   349  2370   522    28.84   -82.33
   350  2365   494    32.07   -82.90
   351  2323   497    31.71   -87.78
   352  2315   482    33.45   -88.82
   353  2294   470    34.89   -91.20
   354  2338   465    35.48   -86.09
   355  2323   464    35.62   -87.84
   356  2345   453    36.95   -85.26
   357  2193   481    33.62  -103.02
   358  2217   467    35.21  -100.25
   359  2212   434    39.13  -100.87
   360  2293   452    37.01   -91.36
   361  2272   440    38.37   -93.79
   362  2284   432    39.42   -92.44
   363  2398   473    34.61   -79.06
   364  2471   412    41.65   -70.52
   365  2383   482    33.46   -80.85
   366  2296   380    45.50   -91.00
   367  2277   376    45.89   -93.27
   368  2283   383    45.15   -92.54
   369  2253   382    45.23   -96.00
   370  2304   392    44.03   -90.08
   371  2029   415    41.32  -122.32
   372  2051   405    42.55  -119.66
   373  2041   398    43.33  -120.84
   374  2019   415    41.39  -123.49
   375  2036   414    41.43  -121.46
   376  2072   381    45.36  -117.25
   377  2057   389    44.40  -118.96
   378  2410   458    36.33   -77.64
   379  2392   470    34.89   -79.76
   380  2378   423    40.47   -81.42
   381  2394   420    40.82   -79.53
   382  2397   421    40.63   -79.11
   383  2395   430    39.58   -79.34
   384  2387   425    40.14   -80.29
   385  2432   406    42.46   -75.06
   386  2206   455    36.68  -101.50
   387  2332   485    33.17   -86.77
   388  2311   501    31.27   -89.26
   389  2378   527    28.29   -81.44
   390  2374   522    28.82   -81.81
   391  2258   509    30.36   -95.41
   392  2258   506    30.73   -95.47
   393  2202   384    45.02  -102.02
   394  2221   519    29.21   -99.74
   395  2233   462    35.87   -98.42
   396  2316   419    40.92   -88.62
   397  2449   413    41.56   -73.05
   398  2080   352    48.69  -116.32
   399  2059   353    48.65  -118.73
   400  2043   360    47.76  -120.65
   401  2046   354    48.49  -120.24
   402  2081   362    47.54  -116.14
   403  2023   420    40.73  -122.94
   404  2018   419    40.94  -123.63
   405  2022   424    40.34  -123.07
   406  2021   429    39.75  -123.21
   407  2277   456    36.54   -93.20
   408  1618   226    63.68  -170.50
   409  1778   186    68.13  -151.73
   410  1608   225    63.77  -171.73
   411  1653   253    60.37  -166.27
   412  1695   284    56.65  -161.37
   413  1361   307    54.05   159.43
   414  2456   385    44.89   -72.23
   415  2206   397    43.46  -101.50
   416  2187   392    43.99  -103.79
   417  2355   518    29.30   -84.04
   418  2248   530    27.90   -96.64
   419  2352   475    34.31   -84.42
   420  2357   475    34.27   -83.83
   421  2352   415    41.34   -84.43
   422  2340   416    41.28   -85.84
   423  2343   411    41.81   -85.44
   424  2332   413    41.57   -86.73
   425  2191   350    48.93  -103.30
   426  2222   351    48.88   -99.62
   427  2190   374    46.19  -103.43
   428  2225   375    46.02   -99.35
   429  2236   374    46.17   -98.07
   430  2359   376    46.01   -83.74
   431  2310   368    46.88   -89.32
   432  2330   379    45.58   -87.00
   433  2069   475    34.36  -117.63
   434  2051   470    34.94  -119.69
   435  2047   474    34.48  -120.23
   436  2048   473    34.61  -120.08
   437  2124   395    43.74  -111.10
   438  2356   471    34.85   -84.00
   439  2187   389    44.35  -103.77
   440  2182   389    44.41  -104.36
   441  2264   445    37.80   -94.77
   442  2282   447    37.64   -92.65
   443  2276   441    38.35   -93.34
   444  2035   431    39.49  -121.61
   445  2319   479    33.90   -88.33
   446  2188   472    34.64  -103.63
   447  2429   437    38.83   -75.43
   448  2226   490    32.54   -99.25
   449  2268   437    38.81   -94.26
   450  2237   458    36.34   -97.92
   451  2228   475    34.36   -98.98
   452  2339   420    40.72   -85.93
   453  2242   506    30.72   -97.38
   454  2232   424    40.32   -98.44
   455  2343   499    31.46   -85.46
   456  2340   490    32.54   -85.79
   457  2207   354    48.50  -101.40
   458  2361   459    36.17   -83.40
   459  2429   397    43.47   -75.46
   460  2361   489    32.68   -83.35
   461  2328   454    36.74   -87.29
   462  2096   500    31.40  -114.49
   463  2109   492    32.37  -112.87
   464  2137   488    32.82  -109.68
   465  2086   355    48.39  -115.55
   466  2181   352    48.76  -104.52
   467  2023   446    37.70  -123.00
   468  2022   441    38.32  -123.07
   469  2183   372    46.37  -104.28
   470  2122   389    44.42  -111.37
   471  2114   408    42.17  -112.28
   472  2083   431    39.50  -115.95
   473  2056   441    38.30  -119.16
   474  2445   387    44.65   -73.49
   475  2429   417    41.14   -75.38
   476  2426   427    39.98   -75.82
   477  2197   450    37.28  -102.61
   478  2473   378    45.64   -70.26
   479  2482   363    47.46   -69.22
   480  2497   379    45.56   -67.43
   481  2448   409    42.05   -73.20
   482  2139   409    42.11  -109.45
   483  2152   405    42.49  -107.83
   484  2144   405    42.48  -108.84
   485  2130   399    43.20  -110.40
   486  2254   421    40.61   -95.87
   487  2248   416    41.24   -96.59
   488  2330   414    41.45   -87.01
   489  2318   414    41.42   -88.41
   490  2229   429    39.76   -98.79
   491  2161   422    40.51  -106.87
   492  2156   431    39.43  -107.38
   493  2167   431    39.48  -106.15
   494  2155   422    40.50  -107.52
   495  2310   418    41.02   -89.39
   496  2320   437    38.72   -88.18
   497  2235   435    39.06   -98.17
   498  2252   451    37.13   -96.19
   499  2249   440    38.37   -96.54
   500  2415   404    42.64   -77.05
   501  2420   411    41.77   -76.45
   502  2166   420    40.73  -106.28
   503  2420   397    43.45   -76.51
   504  2268   400    43.08   -94.27
   505  2264   398    43.40   -94.75
   506  2263   424    40.35   -94.92
   507  2359   442    38.22   -83.59
   508  2277   438    38.71   -93.18
   509  2278   432    39.42   -93.13
   510  2148   395    43.71  -108.39
   511  2125   399    43.18  -111.04
   512  2189   379    45.59  -103.55
   513  1769   249    60.82  -152.72
   514  1707   179    69.00  -160.00
   515  1516   324    52.00   177.55
   516  1656   281    57.00  -166.00
   517  1766   237    62.22  -153.08
   518  1731   258    59.73  -157.26
   519  1815   240    61.89  -147.32
   520  1658   203    66.27  -166.05
   521  2072   477    34.10  -117.23
   522  2271   421    40.63   -93.90
   523  2127   483    33.40  -110.77
   524  2110   478    33.97  -112.74
   525  2424   437    38.80   -76.07
   526  2436   418    41.05   -74.63
   527  1844   233    62.72  -143.97
   528  1843   190    67.75  -144.11
   529  1841   208    65.59  -144.36
   530  1784   239    61.95  -151.00
   531  1754   279    57.27  -154.56
   532  1809   203    66.15  -148.03
   533  1850   196    67.03  -143.29
   534  1697   211    65.20  -161.15
   535  1781   258    59.75  -151.37
   536  1717   227    63.39  -158.83
   537  1930   282    56.97  -134.00
   538  1687   188    67.95  -162.31
   539  1790   251    60.59  -150.32
   540  1798   253    60.37  -149.41
   541  1856   245    61.32  -142.59
   542  1779   256    60.03  -151.66
   543  1718   187    68.07  -158.71
   544  1711   242    61.58  -159.54
   545  1831   230    63.03  -145.49
   546  1667   210    65.41  -164.66
   547  1764   226    63.44  -153.36
   548  1916   262    59.25  -135.52
   549  1937   294    55.58  -133.10
   550  1785   226    63.49  -150.88
   551  1849   230    62.97  -143.34
   552  1861   221    64.05  -141.93
   553  1755   197    66.85  -154.34
   554  1774   204    66.08  -152.17
   555  1738   242    61.64  -156.44
   556  1737   175    69.50  -156.50
   557  1801   179    69.00  -149.00
   558  1801   190    67.75  -149.00
   559  1742   210    65.34  -155.95
   560  1745   221    64.10  -155.56
   561  1783   219    64.31  -151.08
   562  1705   253    60.32  -160.20
   563  1675   238    62.10  -163.80
   564  1691   169    70.40  -161.90
   565  1736   160    71.32  -156.62
   566  2495   406    42.35   -67.70
   567  2458   433    39.30   -72.00
   568  2512   433    39.30   -65.70
   569  2474   450    37.30   -70.10
   570  2436   458    36.30   -74.60
   571  2443   464    35.60   -73.80
   572  2468   470    34.90   -70.80
   573  2424   479    33.80   -76.00
   574  2456   488    32.80   -72.30
   575  1959   357    48.10  -130.50
   576  1992   357    48.10  -126.60
   577  1966   381    45.30  -129.70
   578  2001   381    45.30  -125.60
   579  1964   412    41.75  -129.90
   580  1999   410    41.90  -125.80
   581  2002   433    39.20  -125.50
   582  2002   457    36.40  -125.40
   583  2006   484    33.30  -125.00
   584  2029   473    34.60  -122.30
   585  2036   504    30.90  -121.50
   586  2074   515    29.60  -117.00
   587  2424   448    37.54   -76.01
   588  2160   486    32.99  -106.97
   589  2135   494    32.15  -109.84
   590  2356   404    42.63   -83.98
   591  2355   401    42.99   -84.14
   592  2363   409    42.10   -83.16
   593  2355   411    41.87   -84.07
   594  2360   392    44.02   -83.54
   595  2360   397    43.46   -83.45
   596  2361   410    41.94   -83.43
   597  2191   421    40.61  -103.26
   598  2187   424    40.34  -103.80
   599  2274   426    40.08   -93.59
   600  2279   422    40.48   -93.01
   601  2268   424    40.25   -94.33
   602  2280   421    40.68   -92.90
   603  2281   412    41.71   -92.73
   604  2277   405    42.47   -93.27
   605  2318   438    38.66   -88.45
   606  2325   435    39.02   -87.65
   607  2310   431    39.53   -89.33
   608  2141   398    43.31  -109.19
   609  2151   412    41.67  -107.98
   610  2126   397    43.50  -110.96
   611  2235   431    39.47   -98.13
   612  2268   445    37.85   -94.31
   613  2316   410    41.93   -88.71
   614  2129   448    37.44  -110.56
   615  2162   423    40.45  -106.75
   616  2241   449    37.32   -97.39
   617  2161   448    37.45  -106.80
   618  2156   392    44.03  -107.45
   619  2126   409    42.08  -110.96
   620  2150   437    38.79  -108.06
   621  2162   424    40.35  -106.70
   622  2314   518    29.30   -88.84
   623  3005   494    32.13    -7.88
   624  2452   410    41.89   -72.71
   625    95   254    60.20    11.10
   626   154   259    59.67    17.93
   627   154   261    59.35    17.95
   628   214   253    60.32    24.97
   629  3062   255    60.13    -1.18
   630  3033   286    56.50    -4.58
   631  2586  1050   -33.00   -57.00
   632  3057   327    51.68    -1.78
   633  3059   326    51.75    -1.58
   634  3070   330    51.29    -0.27
   635  3017   322    52.25    -6.33
   636  2881   223    63.97   -22.60
   637  3015   239    62.02    -6.76
   638   107   292    55.77    12.53
   639    38   324    52.03     4.35
   640    39   334    50.90     4.47
   641    61   368    46.82     6.95
   642    21   352    48.73     2.40
   643  3001   399    43.37    -8.42
   644  3064   412    41.67    -1.02
   645  3025   451    37.17    -5.62
   646  2877   625    16.75   -22.95
   647   123   195    67.27    14.37
   648  1549   162    70.97  -178.53
   649  1541   181    68.92  -179.48
   650  1623   204    66.17  -169.83
   651  1455   216    64.68   170.42
   652  1516   215    64.73   177.50
   653  1530   230    63.05   179.32
   654   543   314    53.21    63.55
   655  3019   271    58.22    -6.32
   656    12   319    52.63     1.32
   657   571   339    50.22    66.83
   658   625   343    49.80    73.15
   659  3028   341    50.08    -5.25
   660  3019   302    54.65    -6.22
   661  2450   470    34.90   -73.00
   662  2431   492    32.30   -75.20
   663  2398   491    32.50   -79.07
   664  2412   518    29.30   -77.40
   665  2403   521    28.90   -78.50
   666  2307   547    25.90   -89.70
   667  2274   547    25.90   -93.60
   668  2339   547    25.90   -85.90
   669  2262   530    27.90   -95.00
   670  2249   538    27.00   -96.50
   671  2469   439    38.50   -70.70
   672  2487   404    42.60   -68.60
   673  2474   396    43.53   -70.14
   674  2480   422    40.50   -69.40
   675  2435   439    38.50   -74.70
   676  2504   417    41.10   -66.60
   677  2434   456    36.60   -74.80
   678  2457   421    40.70   -72.10
   679  2448   424    40.30   -73.20
   680  2498   390    44.30   -67.30
   681  2444   423    40.37   -73.70
   682  2430   446    37.76   -75.33
   683  2323   358    48.06   -87.78
   684  2335   381    45.33   -86.42
   685  2366   381    45.35   -82.84
   686  2334   362    47.56   -86.55
   687  2369   412    41.68   -82.40
   688  2306   364    47.32   -89.87
   689  2330   404    42.67   -87.02
   690  2369   390    44.28   -82.42
   691  2412   396    43.62   -77.41
   692  2379   405    42.47   -81.22
   693  2395   398    43.40   -79.45
   694  2395   403    42.74   -79.35
   695  1808   287    56.30  -148.20
   696  1959   405    42.50  -130.50
   697  1742   325    51.90  -155.90
   698  1955   374    46.10  -131.00
   699  1899   419    40.90  -137.50
   700  2014   433    39.20  -124.00
   701  2007   403    42.75  -124.82
   702  2013   374    46.20  -124.20
   703  2010   423    40.40  -124.50
   704  1556   281    57.00  -177.70
   705  2053   491    32.40  -119.50
   706  2065   491    32.49  -118.03
   707  1688   568    23.40  -162.30
   708  1726   621    17.20  -157.80
   709  1700   603    19.30  -160.80
   710  1771   619    17.40  -152.50
   711    73   294    55.52     8.55
   712    41   321    52.31     4.76
   713    59   322    52.28     6.89
   714  1783   258    59.77  -151.17
   715    54   350    48.98     6.25
   716  2236   514    29.70   -98.01
   717  2334   459    36.25   -86.57
   718  2257   459    36.18   -95.56
   719  2057   467    35.24  -119.03
   720  2303   438    38.62   -90.18
   721  2183   440    38.46  -104.18
   722  2376   414    41.50   -81.60
   723  2111   400    43.11  -112.68
   724  2084   363    47.47  -115.80
   725    19   416    41.28     2.07
   726  3036   423    40.42    -4.25
   727  3068   431    39.50    -0.47
   728  2212   456    36.50  -100.80
   729  2205   509    30.30  -101.70
   730  2198   532    27.70  -102.50
   731  2227   508    30.50   -99.10
   732  2230   526    28.40   -98.70
   733  2229   544    26.30   -98.80
   734  2241   560    24.40   -97.40
   735  2259   547    25.90   -95.30
   736  2267   559    24.50   -94.40
   737  2257   569    23.30   -95.60
   738  2269   614    18.30   -94.20
   739  2278   585    21.40   -93.10
   740  2291   569    23.30   -91.60
   741  2316   566    23.70   -88.70
   742  2347   572    23.00   -85.00
   743  2236   567    23.50   -98.00
   744  2292   375    46.02   -91.45
   745  2366   437    38.83   -82.80
   746  2402   436    38.88   -78.52
   747  2400   430    39.62   -78.76
   748  2415   430    39.61   -77.01
   749    76   315    53.05     8.79
   750   115   320    52.47    13.40
   751    62   334    50.87     7.15
   752    74   341    50.05     8.58
   753    79   352    48.68     9.22
   754   101   355    48.35    11.78
   755   122   356    48.23    14.19
   756   142   357    48.12    16.57
   757   122   340    50.10    14.26
   758   158   304    54.38    18.47
   759   179   323    52.17    20.97
   760   145   332    51.10    16.89
   761   164   363    47.43    19.18
   762   176   386    44.78    20.53
   763   200   404    42.69    23.41
   764   235   405    42.57    27.52
   765   238   399    43.23    27.83
   766   213   409    42.07    24.86
   767   223   388    44.57    26.09
   768   106   380    45.50    12.33
   769   108   411    41.80    12.60
   770   105   411    41.80    12.23
   771   207   465    35.53    24.15
   772   249   418    40.97    29.08
   773   282   425    40.13    33.00
   774   344   446    37.75    40.20
   775   284   468    35.15    33.28
   776  1594   218    64.43  -173.23
   777   258   259    59.58    30.18
   778   321   292    55.75    37.57
   779   708   298    55.03    82.90
   780  1127   400    43.12   131.90
   781   657   399    43.23    76.93
   782   384   412    41.68    44.95
   783   636   400    43.07    74.47
   784   592   416    41.27    69.27
   785   308   495    31.98    35.98
   786   301   496    31.87    35.22
   787   400   556    24.88    46.77
   788   399   557    24.72    46.72
   789   410   519    29.22    47.98
   790   369   458    36.32    43.15
   791   378   484    33.22    44.23
   792   408   507    30.57    47.78
   793   417   530    28.00    49.00
   794   427   540    27.00    50.00
   795   438   463    35.68    51.32
   796   525   503    31.05    61.47
   797   602   474    34.42    70.47
   798   562   501    31.31    65.85
   799   441   552    25.25    51.57
   800   474   553    25.25    55.33
   801   468   560    24.42    54.65
   802  2486   116    76.53   -68.75
   803   659   524    28.58    77.20
   804   711   617    17.72    83.30
   805   915   399    43.20   107.17
   806   729   532    27.70    85.37
   807   975   577    22.32   114.17
   808  1037   554    25.03   121.52
   809   989   676    10.72   115.83
   810  1083   447    37.55   126.80
   811  1101   468    35.18   128.93
   812  1207   421    40.70   141.37
   813  1169   467    35.25   136.93
   814  1193   465    35.55   139.78
   815  1198   463    35.76   140.38
   816  1157   472    34.68   135.53
   817   857   722     5.30   100.27
   818   869   745     2.75   101.72
   819   886   756     1.38   103.72
   820   896   573    22.82   104.97
   821   903   589    21.02   105.80
   822   911   676    10.82   106.67
   823  1081   327    51.72   126.65
   824   994   428    39.80   116.47
   825  1027   459    36.07   120.33
   826   888   506    30.67   104.02
   827   930   475    34.30   108.93
   828   972   473    34.52   113.83
   829  1037   502    31.17   121.43
   830  2941   530    27.93   -15.38
   831  3007   482    33.57    -7.67
   832  3004   498    31.62    -8.03
   833    47   573    22.82     5.47
   834    19   653    13.48     2.17
   835  3047   625    16.72    -3.00
   836  2926   642    14.73   -17.50
   837  2931   654    13.35   -16.80
   838   618   830    -7.30    72.42
   839   199   561    24.22    23.30
   840   233   501    31.33    27.22
   841   315   779    -1.28    36.83
   842   317   797    -3.42    37.07
   843   327   810    -4.92    38.23
   844   132   805    -4.38    15.45
   845    29   712     6.58     3.33
   846  3071   720     5.60    -0.17
   847  3008   705     7.38    -7.53
   848  3039   723     5.25    -3.93
   849  2984   715     6.23   -10.37
   850   114   845    -8.85    13.23
   851   265   976   -24.37    31.05
   852   159  1058   -33.97    18.60
   853  1735   160    71.30  -156.78
   854  1847   170    70.13  -143.63
   855  1656   181    68.88  -166.13
   856  1685   198    66.87  -162.63
   857  1774   176    69.37  -152.13
   858  1780   197    66.92  -151.52
   859  1775   212    65.17  -152.10
   860  1833   200    66.57  -145.27
   861  1661   217    64.50  -165.43
   862  1701   224    63.88  -160.80
   863  1657   242    61.78  -166.03
   864  1692   249    60.78  -161.80
   865  1733   215    64.73  -156.93
   866  1745   230    62.97  -155.62
   867  1741   231    62.90  -155.98
   868  1745   246    61.10  -155.58
   869  1792   236    62.30  -150.10
   870  1782   239    61.97  -151.18
   871  1782   251    60.57  -151.25
   872  1811   215    64.82  -147.87
   873  1817   216    64.67  -147.10
   874  1829   222    63.97  -145.70
   875  1829   222    64.00  -145.73
   876  1831   237    62.15  -145.45
   877  1794   245    61.25  -149.80
   878  1792   245    61.17  -150.02
   879  1800   242    61.60  -149.08
   880  1824   246    61.13  -146.35
   881  1797   255    60.12  -149.45
   882  1868   215    64.78  -141.15
   883  1861   230    62.97  -141.93
   884  1831   252    60.50  -145.50
   885  1692   268    58.65  -162.07
   886  1620   280    57.15  -170.22
   887  1684   297    55.20  -162.73
   888  1720   264    59.05  -158.52
   889  1736   267    58.68  -156.65
   890  1751   258    59.75  -154.92
   891  1781   259    59.63  -151.50
   892  1824   261    59.43  -146.33
   893  1771   275    57.75  -152.50
   894  1882   260    59.52  -139.67
   895  1918   260    59.47  -135.30
   896  1914   269    58.42  -135.73
   897  1919   281    57.07  -135.35
   898  1924   270    58.37  -134.58
   899  1938   283    56.82  -132.97
   900  1944   286    56.48  -132.37
   901  1949   296    55.35  -131.70
   902  1951   298    55.03  -131.57
   903  1486   318    52.72   174.12
   904  1565   325    51.88  -176.65
   905  1632   316    52.95  -168.85
   906  1651   308    53.90  -166.55
   907  1954   323    51.93  -131.02
   908  1991   211    65.28  -126.75
   909  2003   153    72.00  -125.28
   910  2070   288    56.23  -117.43
   911  2054   117    76.23  -119.33
   912  2210   283    56.87  -101.08
   913  2237   292    55.75   -97.87
   914  2379   181    68.78   -81.25
   915  2541    65    82.50   -62.33
   916  2028   349    49.03  -122.37
   917  1986   336    50.68  -127.37
   918  2099   311    53.55  -114.10
   919  2103   313    53.30  -113.58
   920  2146   306    54.13  -108.52
   921  2124   339    50.27  -111.18
   922  2185   313    53.33  -104.00
   923  2462   368    46.90   -71.50
   924  2568   362    47.57   -59.17
   925  2054   342    49.95  -119.40
   926  1963   269    58.42  -130.00
   927  2390   399    43.17   -79.93
   928  2387   397    43.47   -80.38
   929  2531   385    44.88   -63.50
   930  2519   384    44.98   -64.92
   931  2516   395    43.72   -65.25
   932  2122   207    65.77  -111.25
   933  2364   407    42.27   -82.97
   934  2560   393    43.93   -60.02
   935  2531   387    44.63   -63.50
   936  2509   394    43.87   -66.10
   937  2510   381    45.32   -65.88
   938  2380   401    43.03   -81.15
   939  2393   395    43.67   -79.63
   940  2413   376    45.95   -77.32
   941  2443   380    45.47   -73.75
   942  2441   378    45.68   -74.03
   943  2427   381    45.32   -75.67
   944  2404   390    44.23   -78.37
   945  2396   384    44.97   -79.30
   946  2380   386    44.75   -81.10
   947  2506   377    45.83   -66.43
   948  2521   374    46.12   -64.68
   949  2534   373    46.28   -63.13
   950  2560   374    46.17   -60.05
   951  2463   369    46.80   -71.40
   952  2424   372    46.38   -75.97
   953  2409   358    48.05   -77.78
   954  2395   372    46.37   -79.42
   955  2349   359    47.97   -84.78
   956  2378   353    48.57   -81.37
   957  2323   322    52.23   -87.88
   958  2310   355    48.37   -89.32
   959  2018   353    48.65  -123.43
   960  2623   362    47.62   -52.73
   961  2607   350    48.95   -54.57
   962  2583   348    49.22   -57.40
   963  2507   339    50.22   -66.27
   964  2574   354    48.53   -58.55
   965  2557   313    53.32   -60.42
   966  2437   343    49.77   -74.53
   967  2444   309    53.75   -73.67
   968  2331   343    49.78   -86.93
   969  2384   330    51.27   -80.65
   970  2385   330    51.28   -80.60
   971  2303   329    51.45   -90.20
   972  2306   309    53.83   -89.87
   973  2267   343    49.78   -94.37
   974  2243   342    49.90   -97.23
   975  2222   343    49.78   -99.65
   976  2205   301    54.68  -101.68
   977  2179   338    50.43  -104.67
   978  2162   323    52.17  -106.68
   979  2210   308    53.97  -101.10
   980  2171   314    53.22  -105.68
   981  2128   341    50.02  -110.72
   982  2110   344    49.63  -112.80
   983  2100   332    51.12  -114.02
   984  2085   344    49.62  -115.78
   985  2069   347    49.30  -117.63
   986  2022   348    49.18  -123.17
   987  2007   344    49.72  -124.90
   988  2026   308    53.88  -122.68
   989  2489   272    58.10   -68.42
   990  2406   269    58.45   -78.12
   991  2489   224    63.75   -68.53
   992  2270   268    58.75   -94.07
   993  2361   220    64.20   -83.37
   994  2339    85    79.98   -85.93
   995  2158   278    57.35  -107.13
   996  2262   130    74.72   -94.95
   997  2175   178    69.10  -105.12
   998  2253   219    64.30   -96.00
   999  2117   300    54.77  -112.02
  1000  2117   256    60.02  -111.95
  1001  2096   234    62.50  -114.40
  1002  2026   266    58.83  -122.58
  1003  2038   240    61.80  -121.20
  1004  1973   255    60.12  -128.82
  1005  1933   185    68.32  -133.53
  1006  1920   250    60.72  -135.07
  1007  1885   221    64.05  -139.13
  1008  1879   191    67.57  -139.82
  1009  2375   558    24.55   -81.75
  1010  2381   557    24.73   -81.05
  1011  2387   548    25.82   -80.28
  1012  2387   547    25.90   -80.28
  1013  2389   545    26.07   -80.15
  1014  2386   549    25.65   -80.43
  1015  2389   540    26.68   -80.12
  1016  2388   544    26.20   -80.17
  1017  2384   528    28.10   -80.65
  1018  2386   532    27.65   -80.42
  1019  2379   525    28.43   -81.32
  1020  2381   519    29.18   -81.05
  1021  2375   508    30.50   -81.69
  1022  2374   510    30.22   -81.88
  1023  2380   494    32.13   -81.19
  1024  2383   493    32.22   -80.70
  1025  2390   487    32.90   -80.03
  1026  2370   532    27.70   -82.38
  1027  2386   533    27.50   -80.37
  1028  2374   541    26.58   -81.87
  1029  2375   542    26.53   -81.75
  1030  2368   529    27.97   -82.53
  1031  2369   534    27.40   -82.55
  1032  2367   530    27.92   -82.68
  1033  2373   529    27.99   -82.02
  1034  2363   515    29.62   -83.10
  1035  2369   501    31.25   -82.40
  1036  2377   501    31.25   -81.47
  1037  2378   502    31.15   -81.37
  1038  2353   509    30.38   -84.37
  1039  2370   515    29.68   -82.27
  1040  2351   483    33.36   -84.57
  1041  2354   499    31.53   -84.18
  1042  2362   505    30.78   -83.28
  1043  2359   489    32.70   -83.65
  1044  2373   483    33.37   -81.97
  1045  2352   481    33.65   -84.42
  1046  2351   480    33.78   -84.52
  1047  2353   479    33.88   -84.30
  1048  2347   514    29.73   -84.98
  1049  2339   507    30.56   -85.92
  1050  2329   508    30.47   -87.18
  1051  2319   506    30.68   -88.25
  1052  2321   507    30.63   -88.07
  1053  2341   510    30.22   -85.68
  1054  2349   492    32.33   -84.83
  1055  2348   490    32.52   -84.93
  1056  2335   492    32.30   -86.40
  1057  2343   501    31.32   -85.45
  1058  2332   481    33.57   -86.75
  1059  2325   484    33.22   -87.62
  1060  2340   481    33.58   -85.85
  1061  2328   487    32.90   -87.25
  1062  2276   514    29.78   -93.30
  1063  2332   485    33.17   -86.77
  1064  2304   520    29.10   -90.20
  1065  2302   512    29.98   -90.25
  1066  2288   512    30.03   -91.88
  1067  2305   512    30.05   -90.03
  1068  2295   507    30.53   -91.15
  1069  2310   518    29.33   -89.40
  1070  2306   509    30.33   -89.82
  1071  2315   492    32.33   -88.75
  1072  2310   499    31.47   -89.33
  1073  2304   492    32.32   -90.08
  1074  2296   482    33.48   -90.98
  1075  2300   502    31.18   -90.47
  1076  2304   482    33.50   -90.08
  1077  2277   503    31.05   -93.20
  1078  2277   511    30.12   -93.22
  1079  2288   510    30.20   -91.98
  1080  2270   512    29.95   -94.02
  1081  2262   518    29.30   -94.80
  1082  2259   512    29.97   -95.35
  1083  2259   515    29.65   -95.28
  1084  2250   507    30.58   -96.37
  1085  2264   501    31.23   -94.75
  1086  2258   492    32.34   -95.40
  1087  2265   492    32.34   -94.65
  1088  2272   491    32.47   -93.82
  1089  2287   490    32.52   -92.03
  1090  2285   500    31.40   -92.30
  1091  2242   488    32.83   -97.30
  1092  2241   547    25.90   -97.43
  1093  2239   544    26.23   -97.65
  1094  2234   545    26.18   -98.23
  1095  2240   531    27.77   -97.50
  1096  2236   531    27.73   -98.03
  1097  2224   533    27.55   -99.47
  1098  2258   519    29.12   -95.47
  1099  2232   516    29.53   -98.47
  1100  2239   509    30.30   -97.70
  1101  2245   522    28.85   -96.92
  1102  2243   498    31.62   -97.22
  1103  2238   503    31.07   -97.83
  1104  2246   488    32.84   -96.85
  1105  2258   481    33.63   -95.45
  1106  2245   487    32.90   -97.03
  1107  2064   469    35.07  -118.15
  1108  2242   488    32.82   -97.37
  1109  2235   493    32.22   -98.18
  1110  2211   517    29.37  -100.92
  1111  2178   496    31.83  -104.80
  1112  2215   500    31.37  -100.50
  1113  2197   461    36.02  -102.55
  1114  2185   509    30.37  -104.02
  1115  2201   495    31.95  -102.18
  1116  2192   497    31.78  -103.20
  1117  2222   491    32.41   -99.68
  1118  2204   481    33.65  -101.82
  1119  2181   484    33.30  -104.53
  1120  2183   492    32.33  -104.27
  1121  2192   489    32.68  -103.22
  1122  2166   493    32.24  -106.22
  1123  2160   492    32.28  -106.92
  1124  2165   497    31.80  -106.40
  1125  2157   484    33.23  -107.27
  1126  2153   493    32.27  -107.72
  1127  2131   499    31.57  -110.33
  1128  2137   499    31.47  -109.60
  1129  2126   494    32.12  -110.93
  1130  2117   483    33.43  -112.02
  1131  2095   489    32.65  -114.60
  1132  2069   477    34.05  -117.60
  1133  2078   479    33.83  -116.50
  1134  2063   476    34.20  -118.35
  1135  2061   476    34.22  -118.48
  1136  2043   467    35.23  -120.63
  1137  2073   489    32.73  -117.17
  1138  2074   490    32.57  -116.98
  1139  2053   484    33.25  -119.45
  1140  2062   483    33.40  -118.42
  1141  2072   485    33.13  -117.28
  1142  2073   488    32.85  -117.12
  1143  2062   479    33.93  -118.40
  1144  2064   479    33.82  -118.15
  1145  2067   481    33.68  -117.87
  1146  2408   475    34.27   -77.90
  1147  2398   468    35.17   -79.02
  1148  2399   469    34.98   -78.87
  1149  2428   467    35.27   -75.55
  1150  2417   471    34.78   -76.87
  1151  2400   462    35.87   -78.78
  1152  2412   464    35.64   -77.39
  1153  2407   466    35.33   -77.97
  1154  2408   462    35.84   -77.90
  1155  2410   471    34.82   -77.61
  1156  2457   454    36.82   -72.10
  1157  2422   454    36.90   -76.19
  1158  2420   451    37.13   -76.50
  1159  2416   470    34.90   -76.88
  1160  2415   469    35.07   -77.05
  1161  2380   478    33.95   -81.12
  1162  2392   476    34.18   -79.72
  1163  2362   478    33.95   -83.32
  1164  2370   471    34.84   -82.35
  1165  2371   470    34.90   -82.22
  1166  2367   474    34.50   -82.72
  1167  2382   467    35.22   -80.93
  1168  2378   463    35.73   -81.37
  1169  2368   466    35.43   -82.55
  1170  2390   460    36.08   -79.94
  1171  2386   450    37.21   -80.41
  1172  2369   457    36.48   -82.40
  1173  2388   460    36.13   -80.22
  1174  2346   475    34.35   -85.16
  1175  2332   472    34.65   -86.77
  1176  2325   471    34.75   -87.62
  1177  2345   469    35.03   -85.20
  1178  2356   462    35.82   -83.98
  1179  2346   461    35.95   -85.08
  1180  2333   460    36.13   -86.68
  1181  2315   475    34.27   -88.77
  1182  2304   469    35.05   -90.00
  1183  2314   464    35.59   -88.92
  1184  2285   471    34.83   -92.25
  1185  2285   472    34.73   -92.23
  1186  2299   462    35.83   -90.65
  1187  2278   474    34.48   -93.10
  1188  2288   476    34.18   -91.93
  1189  2271   482    33.45   -93.98
  1190  2281   484    33.22   -92.80
  1191  2267   466    35.33   -94.37
  1192  2269   461    36.00   -94.17
  1193  2278   458    36.27   -93.15
  1194  2283   459    36.20   -92.47
  1195  2290   463    35.73   -91.65
  1196  2288   453    36.88   -91.90
  1197  2308   450    37.23   -89.57
  1198  2270   453    36.91   -94.02
  1199  2266   451    37.15   -94.50
  1200  2232   478    33.98   -98.50
  1201  2227   469    34.98   -99.05
  1202  2226   466    35.33   -99.20
  1203  2221   458    36.30   -99.77
  1204  2240   466    35.40   -97.60
  1205  2244   454    36.73   -97.10
  1206  2233   473    34.60   -98.40
  1207  2245   475    34.30   -97.02
  1208  2254   459    36.20   -95.90
  1209  2253   454    36.76   -96.01
  1210  2255   470    34.88   -95.78
  1211  2241   467    35.23   -97.47
  1212  2192   457    36.45  -103.15
  1213  2217   474    34.43  -100.28
  1214  2144   465    35.52  -108.78
  1215  2205   467    35.23  -101.70
  1216  2162   496    31.87  -106.70
  1217  2163   469    35.05  -106.62
  1218  2167   464    35.62  -106.08
  1219  2149   454    36.75  -108.23
  1220  2188   468    35.18  -103.60
  1221  2175   464    35.65  -105.15
  1222  2100   467    35.27  -113.95
  1223  2121   453    36.93  -111.45
  1224  2113   473    34.53  -112.47
  1225  2113   472    34.65  -112.42
  1226  2128   469    35.02  -110.73
  1227  2134   475    34.27  -110.00
  1228  2139   473    34.51  -109.38
  1229  2120   468    35.13  -111.67
  1230  2118   467    35.23  -111.82
  1231  2115   461    35.95  -112.15
  1232  2094   471    34.77  -114.62
  1233  2066   470    34.92  -117.90
  1234  2076   471    34.84  -116.78
  1235  2064   472    34.73  -118.22
  1236  2065   472    34.63  -118.08
  1237  2057   466    35.43  -119.05
  1238  2090   460    36.08  -115.17
  1239  2082   455    36.62  -116.02
  1240  2051   454    36.77  -119.72
  1241  2056   477    34.12  -119.12
  1242  2050   474    34.43  -119.83
  1243  2056   476    34.21  -119.20
  1244  2045   471    34.75  -120.57
  1245  2045   470    34.90  -120.45
  1246  2043   464    35.66  -120.63
  1247  2413   448    37.50   -77.33
  1248  2403   443    38.13   -78.44
  1249  2403   449    37.35   -78.43
  1250  2428   444    37.93   -75.48
  1251  2412   436    38.95   -77.44
  1252  2412   441    38.27   -77.45
  1253  2421   441    38.28   -76.40
  1254  2428   441    38.33   -75.51
  1255  2415   436    38.84   -77.03
  1256  2418   434    39.18   -76.67
  1257  2409   429    39.70   -77.73
  1258  2420   432    39.33   -76.42
  1259  2436   431    39.45   -74.57
  1260  2432   432    39.37   -75.07
  1261  2430   428    39.88   -75.25
  1262  2432   426    40.08   -75.01
  1263  2427   429    39.68   -75.60
  1264  2434   424    40.28   -74.82
  1265  2436   426    40.02   -74.60
  1266  2437   420    40.80   -74.42
  1267  2397   449    37.33   -79.19
  1268  2396   456    36.57   -79.33
  1269  2390   449    37.32   -79.97
  1270  2391   444    37.95   -79.83
  1271  2380   446    37.78   -81.12
  1272  2380   450    37.30   -81.19
  1273  2386   445    37.87   -80.40
  1274  2376   440    38.37   -81.60
  1275  2391   436    38.88   -79.85
  1276  2388   433    39.30   -80.23
  1277  2391   430    39.65   -79.92
  1278  2407   432    39.40   -77.98
  1279  2350   435    39.05   -84.67
  1280  2351   443    38.03   -84.60
  1281  2341   442    38.18   -85.73
  1282  2362   447    37.59   -83.32
  1283  2329   446    37.75   -87.16
  1284  2339   444    37.91   -85.97
  1285  2355   451    37.08   -84.08
  1286  2368   440    38.37   -82.55
  1287  2357   432    39.42   -83.83
  1288  2331   441    38.25   -86.95
  1289  2378   432    39.34   -81.43
  1290  2384   425    40.18   -80.65
  1291  2365   427    40.00   -82.88
  1292  2365   428    39.82   -82.93
  1293  2374   427    39.95   -81.90
  1294  2354   427    39.90   -84.20
  1295  2352   434    39.09   -84.42
  1296  2326   443    38.05   -87.53
  1297  2313   438    38.65   -88.97
  1298  2311   446    37.78   -89.25
  1299  2301   437    38.75   -90.37
  1300  2299   438    38.66   -90.65
  1301  2315   452    37.07   -88.77
  1302  2350   452    37.05   -84.61
  1303  2327   431    39.45   -87.32
  1304  2333   434    39.15   -86.62
  1305  2336   429    39.73   -86.27
  1306  2331   423    40.41   -86.93
  1307  2307   428    39.84   -89.67
  1308  2294   427    39.95   -91.20
  1309  2314   422    40.48   -88.92
  1310  2325   426    40.12   -87.60
  1311  2276   450    37.23   -93.38
  1312  2286   437    38.82   -92.22
  1313  2301   446    37.77   -90.43
  1314  2289   443    38.13   -91.77
  1315  2283   443    38.10   -92.55
  1316  2264   432    39.32   -94.72
  1317  2265   434    39.12   -94.60
  1318  2263   437    38.83   -94.89
  1319  2263   429    39.77   -94.92
  1320  2241   447    37.65   -97.43
  1321  2237   443    38.07   -97.87
  1322  2258   447    37.66   -95.48
  1323  2242   443    38.06   -97.28
  1324  2219   446    37.77   -99.97
  1325  2213   444    37.93  -100.72
  1326  2211   452    37.04  -100.97
  1327  2229   441    38.34   -98.86
  1328  2225   436    38.85   -99.27
  1329  2232   450    37.27   -98.55
  1330  2248   434    39.13   -96.67
  1331  2252   441    38.33   -96.19
  1332  2257   434    39.07   -95.62
  1333  2256   436    38.95   -95.67
  1334  2239   430    39.55   -97.65
  1335  2229   436    38.87   -98.82
  1336  2239   437    38.80   -97.65
  1337  2203   452    37.01  -101.88
  1338  2169   448    37.45  -105.87
  1339  2153   451    37.15  -107.75
  1340  2152   444    37.95  -107.90
  1341  2189   443    38.05  -103.52
  1342  2196   443    38.07  -102.68
  1343  2181   441    38.28  -104.52
  1344  2205   432    39.37  -101.70
  1345  2221   432    39.38   -99.83
  1346  2179   437    38.82  -104.72
  1347  2178   430    39.57  -104.85
  1348  2160   430    39.65  -106.92
  1349  2161   433    39.22  -106.87
  1350  2160   439    38.53  -106.93
  1351  2178   438    38.70  -104.77
  1352  2178   429    39.75  -104.87
  1353  2192   425    40.17  -103.22
  1354  2175   427    39.91  -105.12
  1355  2127   430    39.62  -110.75
  1356  2138   447    37.62  -109.47
  1357  2128   440    38.37  -110.72
  1358  2104   452    37.04  -113.50
  1359  2107   446    37.70  -113.10
  1360  2115   446    37.70  -112.15
  1361  2146   434    39.12  -108.53
  1362  2152   439    38.50  -107.90
  1363  2145   450    37.30  -108.67
  1364  2180   423    40.43  -104.63
  1365  2176   423    40.45  -105.01
  1366  2132   435    39.00  -110.17
  1367  2136   437    38.76  -109.75
  1368  2112   432    39.33  -112.58
  1369  2118   411    41.78  -111.85
  1370  2062   449    37.37  -118.37
  1371  2044   450    37.28  -120.52
  1372  2036   439    38.52  -121.50
  1373  2037   439    38.55  -121.30
  1374  2035   438    38.70  -121.58
  1375  2073   443    38.05  -117.08
  1376  2060   439    38.55  -118.63
  1377  2092   433    39.28  -114.85
  1378  2095   447    37.62  -114.52
  1379  2050   431    39.50  -119.78
  1380  2050   430    39.57  -119.79
  1381  2034   456    36.58  -121.85
  1382  2035   455    36.66  -121.60
  1383  2038   444    37.90  -121.25
  1384  2033   446    37.70  -121.82
  1385  2030   446    37.73  -122.22
  1386  2028   447    37.62  -122.38
  1387  2032   449    37.37  -121.93
  1388  2024   439    38.52  -122.82
  1389  2451   419    40.87   -72.86
  1390  2440   421    40.70   -74.17
  1391  2440   419    40.84   -74.07
  1392  2442   420    40.77   -73.90
  1393  2449   420    40.80   -73.10
  1394  2442   413    41.63   -73.87
  1395  2444   417    41.07   -73.69
  1396  2440   414    41.50   -74.10
  1397  2449   417    41.17   -73.12
  1398  2451   416    41.27   -72.87
  1399  2458   415    41.33   -72.05
  1400  2462   417    41.17   -71.58
  1401  2471   412    41.65   -70.52
  1402  2475   416    41.25   -70.07
  1403  2469   410    41.92   -70.73
  1404  2467   412    41.68   -70.97
  1405  2473   412    41.67   -70.28
  1406  2463   412    41.73   -71.43
  1407  2463   413    41.60   -71.42
  1408  2452   410    41.93   -72.68
  1409  2457   412    41.73   -72.18
  1410  2456   405    42.57   -72.27
  1411  2453   412    41.73   -72.65
  1412  2467   405    42.58   -70.92
  1413  2466   406    42.37   -71.03
  1414  2459   407    42.27   -71.87
  1415  2424   423    40.38   -75.97
  1416  2417   425    40.20   -76.76
  1417  2421   426    40.12   -76.29
  1418  2399   416    41.18   -78.90
  1419  2404   424    40.30   -78.32
  1420  2400   424    40.32   -78.83
  1421  2408   419    40.84   -77.85
  1422  2426   415    41.33   -75.73
  1423  2416   416    41.25   -76.92
  1424  2434   412    41.70   -74.80
  1425  2424   408    42.22   -75.98
  1426  2420   405    42.48   -76.44
  1427  2416   408    42.17   -76.90
  1428  2450   396    43.53   -72.95
  1429  2429   421    40.65   -75.43
  1430  2443   403    42.75   -73.80
  1431  2444   398    43.33   -73.62
  1432  2428   387    44.68   -75.47
  1433  2423   400    43.12   -76.12
  1434  2429   400    43.15   -75.37
  1435  2388   422    40.50   -80.22
  1436  2386   420    40.77   -80.40
  1437  2390   424    40.34   -79.93
  1438  2395   424    40.28   -79.40
  1439  2378   419    40.91   -81.43
  1440  2396   408    42.15   -79.26
  1441  2374   415    41.42   -81.87
  1442  2368   420    40.82   -82.52
  1443  2384   416    41.27   -80.67
  1444  2388   410    42.08   -80.18
  1445  2402   411    41.80   -78.62
  1446  2391   415    41.38   -79.87
  1447  2401   402    42.93   -78.73
  1448  2399   400    43.10   -78.94
  1449  2410   400    43.12   -77.67
  1450  2322   410    41.98   -87.90
  1451  2319   410    41.92   -88.25
  1452  2319   426    40.03   -88.28
  1453  2314   428    39.83   -88.87
  1454  2307   421    40.66   -89.68
  1455  2307   412    41.74   -89.68
  1456  2345   418    41.00   -85.20
  1457  2344   424    40.25   -85.40
  1458  2326   413    41.62   -87.42
  1459  2324   411    41.78   -87.75
  1460  2325   411    41.87   -87.60
  1461  2323   406    42.42   -87.87
  1462  2336   412    41.70   -86.32
  1463  2357   413    41.60   -83.80
  1464  2359   418    41.02   -83.67
  1465  2361   408    42.23   -83.33
  1466  2364   406    42.42   -83.02
  1467  2368   402    42.92   -82.53
  1468  2322   363    47.45   -87.90
  1469  2351   403    42.77   -84.60
  1470  2352   407    42.27   -84.47
  1471  2345   407    42.30   -85.25
  1472  2312   408    42.20   -89.10
  1473  2300   414    41.45   -90.52
  1474  2290   411    41.88   -91.70
  1475  2295   420    40.78   -91.13
  1476  2273   413    41.53   -93.65
  1477  2284   417    41.10   -92.45
  1478  2258   420    40.75   -95.41
  1479  2299   406    42.40   -90.70
  1480  2290   399    43.28   -91.74
  1481  2284   405    42.55   -92.40
  1482  2276   400    43.15   -93.33
  1483  2269   405    42.55   -94.20
  1484  2260   404    42.60   -95.23
  1485  2254   415    41.30   -95.90
  1486  2247   419    40.84   -96.75
  1487  2247   424    40.30   -96.75
  1488  2234   418    40.97   -98.32
  1489  2228   413    41.62   -98.95
  1490  2228   420    40.73   -99.00
  1491  2252   412    41.76   -96.18
  1492  2257   426    40.08   -95.60
  1493  2222   414    41.44   -99.64
  1494  2241   410    41.98   -97.43
  1495  2242   414    41.45   -97.34
  1496  2230   405    42.47   -98.69
  1497  2250   406    42.40   -96.38
  1498  2250   415    41.32   -96.37
  1499  2194   417    41.10  -102.98
  1500  2213   417    41.13  -100.68
  1501  2205   422    40.51  -101.62
  1502  2225   423    40.45   -99.33
  1503  2195   409    42.05  -102.80
  1504  2193   402    42.83  -103.10
  1505  2178   417    41.15  -104.82
  1506  2171   415    41.32  -105.67
  1507  2179   428    39.87  -104.67
  1508  2188   411    41.87  -103.60
  1509  2164   402    42.92  -106.47
  1510  2138   423    40.43  -109.52
  1511  2158   422    40.48  -107.22
  1512  2153   431    39.53  -107.73
  1513  2117   420    40.78  -111.97
  1514  2120   425    40.22  -111.72
  1515  2142   413    41.60  -109.07
  1516  2158   411    41.80  -107.20
  1517  2117   416    41.20  -112.02
  1518  2145   402    42.82  -108.73
  1519  2147   400    43.07  -108.47
  1520  2125   416    41.28  -111.03
  1521  2128   396    43.60  -110.73
  1522  2112   402    42.92  -112.60
  1523  2116   397    43.52  -112.07
  1524  2082   385    44.88  -116.10
  1525  2061   426    40.07  -118.57
  1526  2099   420    40.73  -114.03
  1527  2085   419    40.87  -115.73
  1528  2085   419    40.83  -115.78
  1529  2085   412    41.67  -115.78
  1530  2067   419    40.90  -117.80
  1531  2044   423    40.38  -120.57
  1532  2043   433    39.28  -120.70
  1533  2047   432    39.32  -120.13
  1534  2048   436    38.90  -120.00
  1535  2097   397    43.50  -114.30
  1536  2096   405    42.48  -114.48
  1537  2102   405    42.55  -113.77
  1538  2034   408    42.15  -121.73
  1539  2021   434    39.13  -123.20
  1540  2029   425    40.15  -122.25
  1541  2029   422    40.50  -122.30
  1542  2015   418    40.98  -124.10
  1543  2014   411    41.78  -124.23
  1544  2044   414    41.50  -120.53
  1545  2024   406    42.37  -122.87
  1546  2462   399    43.20   -71.50
  1547  2468   400    43.08   -70.82
  1548  2472   395    43.65   -70.32
  1549  2469   398    43.40   -70.72
  1550  2489   389    44.45   -68.37
  1551  2483   392    44.07   -69.10
  1552  2501   385    44.92   -67.00
  1553  2490   364    47.28   -68.32
  1554  2485   386    44.80   -68.83
  1555  2454   398    43.35   -72.52
  1556  2456   396    43.63   -72.30
  1557  2462   389    44.36   -71.55
  1558  2458   389    44.42   -72.02
  1559  2453   391    44.20   -72.57
  1560  2463   396    43.57   -71.42
  1561  2465   387    44.58   -71.18
  1562  2456   402    42.90   -72.27
  1563  2449   388    44.47   -73.15
  1564  2471   388    44.53   -70.53
  1565  2473   392    44.05   -70.28
  1566  2477   390    44.32   -69.80
  1567  2480   380    45.47   -69.58
  1568  2486   378    45.65   -68.68
  1569  2446   387    44.65   -73.47
  1570  2434   384    44.93   -74.85
  1571  2424   392    44.00   -76.01
  1572  2439   389    44.38   -74.19
  1573  2360   404    42.70   -83.47
  1574  2350   385    44.90   -84.72
  1575  2343   402    42.88   -85.52
  1576  2336   408    42.14   -86.44
  1577  2342   408    42.23   -85.55
  1578  2337   399    43.17   -86.25
  1579  2358   401    42.97   -83.75
  1580  2361   404    42.67   -83.42
  1581  2355   396    43.53   -84.08
  1582  2350   389    44.36   -84.67
  1583  2344   390    44.28   -85.42
  1584  2337   390    44.28   -86.25
  1585  2342   386    44.73   -85.58
  1586  2359   383    45.07   -83.57
  1587  2361   389    44.45   -83.40
  1588  2322   401    42.95   -87.90
  1589  2310   400    43.13   -89.33
  1590  2313   404    42.62   -89.04
  1591  2303   399    43.21   -90.18
  1592  2294   394    43.87   -91.25
  1593  2292   385    44.87   -91.48
  1594  2283   393    43.92   -92.50
  1595  2320   388    44.48   -88.13
  1596  2324   391    44.13   -87.68
  1597  2317   393    43.98   -88.55
  1598  2308   384    44.93   -89.63
  1599  2307   386    44.78   -89.67
  1600  2329   378    45.73   -87.08
  1601  2325   383    45.12   -87.63
  1602  2274   385    44.85   -93.57
  1603  2247   396    43.58   -96.73
  1604  2246   390    44.31   -96.82
  1605  2242   402    42.92   -97.38
  1606  2225   394    43.80   -99.32
  1607  2234   389    44.38   -98.22
  1608  2236   394    43.77   -98.03
  1609  2243   385    44.92   -97.15
  1610  2270   379    45.55   -94.07
  1611  2269   372    46.40   -94.13
  1612  2261   388    44.55   -95.08
  1613  2258   376    45.87   -95.40
  1614  2255   389    44.45   -95.82
  1615  2266   390    44.32   -94.50
  1616  2267   376    45.95   -94.35
  1617  2277   385    44.88   -93.22
  1618  2278   384    44.95   -93.07
  1619  2271   391    44.22   -93.91
  1620  2267   395    43.65   -94.42
  1621  2276   395    43.68   -93.37
  1622  2233   380    45.45   -98.43
  1623  2193   392    44.06  -103.05
  1624  2172   389    44.35  -105.53
  1625  2160   386    44.77  -106.97
  1626  2130   388    44.54  -110.42
  1627  2151   393    43.97  -107.95
  1628  2173   380    45.45  -105.40
  1629  2178   366    47.13  -104.80
  1630  2216   379    45.55  -100.41
  1631  2217   389    44.38  -100.28
  1632  2201   376    45.93  -102.17
  1633  2142   388    44.52  -109.02
  1634  2133   405    42.58  -110.11
  1635  2124   387    44.68  -111.12
  1636  2146   377    45.80  -108.53
  1637  2138   366    47.05  -109.47
  1638  2112   376    45.95  -112.50
  1639  2112   382    45.25  -112.55
  1640  2124   377    45.78  -111.15
  1641  2130   378    45.70  -110.45
  1642  2081   396    43.57  -116.22
  1643  2057   396    43.58  -118.95
  1644  2039   390    44.25  -121.15
  1645  2101   383    45.12  -113.88
  1646  2082   376    45.95  -116.13
  1647  2058   378    45.68  -118.85
  1648  2067   385    44.83  -117.82
  1649  2020   399    43.23  -123.35
  1650  2013   398    43.42  -124.25
  1651  2021   391    44.12  -123.22
  1652  2023   385    44.92  -123.00
  1653  2015   387    44.58  -124.06
  1654  2026   379    45.60  -122.60
  1655  2028   379    45.55  -122.40
  1656  2023   379    45.53  -122.95
  1657  2039   379    45.62  -121.17
  1658  2494   374    46.12   -67.80
  1659  2479   370    46.62   -69.53
  1660  2492   368    46.87   -68.01
  1661  2492   370    46.68   -68.05
  1662  2353   371    46.47   -84.37
  1663  2352   373    46.25   -84.47
  1664  2349   379    45.57   -84.80
  1665  2309   378    45.63   -89.47
  1666  2325   371    46.53   -87.55
  1667  2327   372    46.35   -87.40
  1668  2321   377    45.82   -88.12
  1669  2317   366    47.17   -88.50
  1670  2303   371    46.53   -90.13
  1671  2286   368    46.83   -92.18
  1672  2280   364    47.38   -92.83
  1673  2254   368    46.83   -95.89
  1674  2289   360    47.82   -91.83
  1675  2276   353    48.57   -93.38
  1676  2265   352    48.73   -94.62
  1677  2246   368    46.90   -96.80
  1678  2230   367    46.93   -98.68
  1679  2262   363    47.50   -94.93
  1680  2259   350    48.93   -95.33
  1681  2243   359    47.95   -97.18
  1682  2229   357    48.10   -98.87
  1683  2213   369    46.77  -100.75
  1684  2195   369    46.80  -102.80
  1685  2188   357    48.18  -103.63
  1686  2208   356    48.27  -101.28
  1687  2207   361    47.65  -101.43
  1688  2163   356    48.22  -106.62
  1689  2160   364    47.33  -106.93
  1690  2183   361    47.70  -104.20
  1691  2117   370    46.60  -112.00
  1692  2099   367    46.92  -114.08
  1693  2122   363    47.48  -111.37
  1694  2136   354    48.55  -109.77
  1695  2097   356    48.30  -114.27
  1696  2114   353    48.60  -112.37
  1697  2044   370    46.57  -120.53
  1698  2037   364    47.28  -121.33
  1699  2048   363    47.40  -120.02
  1700  2047   363    47.40  -120.20
  1701  2053   364    47.30  -119.52
  1702  2054   365    47.20  -119.32
  1703  2074   372    46.38  -117.02
  1704  2076   360    47.77  -116.82
  1705  2055   373    46.32  -119.27
  1706  2056   373    46.27  -119.12
  1707  2063   374    46.10  -118.28
  1708  2070   361    47.63  -117.53
  1709  2071   361    47.68  -117.32
  1710  2073   369    46.75  -117.12
  1711  2069   361    47.70  -117.60
  1712  2067   354    48.55  -117.88
  1713  2044   367    47.03  -120.53
  1714  2019   358    48.12  -123.50
  1715  2053   355    48.42  -119.53
  1716  2015   373    46.15  -123.88
  1717  2024   367    46.97  -122.90
  1718  2016   367    46.97  -123.93
  1719  2023   374    46.12  -122.94
  1720  2029   363    47.45  -122.30
  1721  2030   363    47.50  -122.22
  1722  2029   362    47.53  -122.30
  1723  2029   359    47.90  -122.28
  1724  2026   364    47.27  -122.58
  1725  2378   532    27.65   -81.33
  1726  2010   359    47.95  -124.55
  1727  2027   351    48.80  -122.53
  1728  2109   425    40.17  -112.93
  1729  2169   372    46.43  -105.87
  1730  2258   387    44.67   -95.45
  1731  2300   399    43.22   -90.53
  1732  2426   392    44.05   -75.73
  1733  2473   393    43.90   -70.25
  1734  2463   402    42.93   -71.43
  1735  2166   410    41.90  -106.19
  1736  2214   426    40.09  -100.65
  1737  2205   402    42.91  -101.69
  1738  2242   426    40.10   -97.34
  1739  2238   408    42.21   -97.79
  1740  2273   410    41.90   -93.70
  1741  2300   413    41.61   -90.57
  1742  2355   428    39.82   -84.03
  1743  2317   411    41.77   -88.48
  1744  2330   420    40.81   -87.05
  1745  2344   437    38.83   -85.42
  1746  2443   421    40.65   -73.78
  1747  2464   405    42.47   -71.28
  1748  2466   403    42.72   -71.12
  1749  2454   408    42.20   -72.53
  1750  2452   408    42.15   -72.72
  1751  2476   412    41.67   -69.97
  1752  2442   402    42.85   -73.93
  1753  2201   446    37.77  -102.18
  1754  2178   435    38.97  -104.82
  1755  2188   433    39.26  -103.70
  1756  2179   425    40.18  -104.72
  1757  2227   447    37.65   -99.09
  1758  2256   449    37.38   -95.63
  1759  2242   441    38.31   -97.30
  1760  2281   448    37.52   -92.70
  1761  2269   430    39.58   -94.19
  1762  2300   429    39.66   -90.48
  1763  2310   425    40.15   -89.33
  1764  2068   463    35.68  -117.68
  1765  2165   491    32.41  -106.35
  1766  2152   454    36.84  -107.91
  1767  2226   460    36.07   -99.22
  1768  2223   457    36.43   -99.53
  1769  2241   455    36.69   -97.48
  1770  2254   463    35.68   -95.86
  1771  2240   469    34.98   -97.52
  1772  2305   453    36.88   -89.97
  1773  2335   452    36.97   -86.42
  1774  2422   458    36.27   -76.18
  1775  2086   488    32.83  -115.58
  1776  2081   481    33.63  -116.17
  1777  2094   481    33.62  -114.72
  1778  2188   469    35.08  -103.61
  1779  2167   486    33.08  -106.12
  1780  2165   487    32.90  -106.40
  1781  2211   486    33.02  -100.98
  1782  2221   508    30.50   -99.77
  1783  2256   497    31.78   -95.71
  1784  2268   477    34.11   -94.29
  1785  2281   496    31.90   -92.78
  1786  2312   509    30.40   -89.07
  1787  2314   477    34.09   -88.86
  1788  2376   496    31.90   -81.63
  1789  2364   504    30.89   -83.01
  1790  2386   478    33.97   -80.47
  1791  2399   481    33.68   -78.93
  1792  2401   479    33.82   -78.72
  1793  2384   525    28.47   -80.55
  1794  2074   490    32.55  -116.97
  1795  2089   489    32.63  -115.24
  1796  2164   498    31.63  -106.43
  1797  2063   521    28.88  -118.30
  1798  2126   520    29.07  -110.97
  1799  2168   523    28.70  -105.97
  1800  2114   535    27.32  -112.30
  1801  2126   529    27.97  -110.93
  1802  2127   529    27.95  -110.80
  1803  2223   534    27.43   -99.57
  1804  2234   546    26.02   -98.23
  1805  2190   550    25.53  -103.45
  1806  2217   547    25.87  -100.20
  1807  2218   548    25.78  -100.10
  1808  2240   548    25.77   -97.53
  1809  2130   562    24.17  -110.42
  1810  2131   563    24.07  -110.37
  1811  2136   570    23.15  -109.70
  1812  2156   556    24.82  -107.40
  1813  2181   562    24.13  -104.53
  1814  2165   570    23.20  -106.42
  1815  2166   570    23.17  -106.27
  1816  2227   565    23.73   -99.13
  1817  2228   566    23.72   -98.97
  1818  2196   573    22.90  -102.68
  1819  2211   579    22.15  -100.98
  1820  2237   578    22.28   -97.87
  1821  2200   581    21.88  -102.30
  1822  2331   588    21.03   -86.87
  1823  2174   591    20.68  -105.25
  1824  2191   593    20.52  -103.32
  1825  2307   589    20.98   -89.65
  1826  2332   593    20.53   -86.93
  1827  2181   605    19.15  -104.57
  1828  2210   599    19.85  -101.03
  1829  2223   603    19.35   -99.57
  1830  2227   602    19.43   -99.10
  1831  2252   605    19.15   -96.18
  1832  2265   613    18.10   -94.58
  1833  2289   609    18.65   -91.80
  1834  2208   618    17.60  -101.47
  1835  2220   624    16.83   -99.92
  1836  2221   625    16.77   -99.75
  1837  2251   633    15.78   -96.27
  1838  2284   642    14.78   -92.38
  1839  2521   492    32.37   -64.68
  1840  2399   540    26.70   -78.97
  1841  2401   541    26.55   -78.69
  1842  2396   548    25.73   -79.30
  1843  2411   554    25.05   -77.47
  1844  2426   567    23.50   -75.76
  1845  2366   582    21.83   -82.78
  1846  2369   572    22.98   -82.40
  1847  2379   571    23.13   -81.28
  1848  2408   585    21.42   -77.85
  1849  2414   595    20.33   -77.12
  1850  2419   594    20.40   -76.62
  1851  2425   598    19.96   -75.85
  1852  2431   597    20.08   -75.15
  1853  2437   594    20.35   -74.50
  1854  2433   592    20.65   -74.92
  1855  2377   583    21.62   -81.55
  1856  2400   582    21.78   -78.78
  1857  2416   589    20.95   -76.94
  1858  2431   598    19.90   -75.12
  1859  2378   603    19.28   -81.35
  1860  2408   610    18.50   -77.92
  1861  2417   615    17.93   -76.78
  1862  2457   599    19.75   -72.18
  1863  2456   609    18.57   -72.30
  1864  2470   599    19.75   -70.55
  1865  2469   602    19.46   -70.69
  1866  2489   609    18.57   -68.37
  1867  2478   611    18.43   -69.67
  1868  2476   610    18.47   -69.88
  1869  2500   611    18.50   -67.12
  1870  2499   612    18.27   -67.15
  1871  2504   614    18.02   -66.57
  1872  2509   611    18.43   -66.00
  1873  2518   612    18.33   -64.97
  1874  2520   617    17.70   -64.80
  1875  2522   611    18.45   -64.53
  1876  2319   618    17.53   -88.30
  1877  2306   624    16.92   -89.88
  1878  2292   637    15.32   -91.47
  1879  2316   634    15.72   -88.60
  1880  2300   644    14.58   -90.52
  1881  2298   649    13.92   -90.82
  1882  2306   652    13.57   -89.83
  1883  2312   651    13.70   -89.12
  1884  2313   653    13.43   -89.05
  1885  2324   655    13.28   -87.67
  1886  2339   627    16.46   -85.92
  1887  2334   629    16.32   -86.53
  1888  2331   634    15.73   -86.87
  1889  2326   634    15.72   -87.48
  1890  2329   639    15.17   -87.12
  1891  2322   636    15.45   -87.93
  1892  2357   638    15.22   -83.80
  1893  2339   641    14.90   -85.93
  1894  2315   642    14.78   -88.78
  1895  2320   646    14.33   -88.17
  1896  2328   648    14.05   -87.22
  1897  2329   654    13.30   -87.18
  1898  2361   648    14.05   -83.37
  1899  2337   664    12.15   -86.17
  1900  2349   683     9.97   -84.78
  1901  2354   683    10.00   -84.22
  1902  2354   683     9.95   -84.15
  1903  2364   683    10.00   -83.05
  1904  2342   678    10.60   -85.55
  1905  2368   688     9.43   -82.52
  1906  2395   691     9.05   -79.37
  1907  2369   696     8.39   -82.42
  1908  2371   688     9.35   -82.25
  1909  2382   699     8.08   -80.94
  1910  2394   691     8.97   -79.51
  1911  2534   613    18.20   -63.05
  1912  2542   625    16.75   -62.17
  1913  2538   620    17.29   -62.68
  1914  2538   621    17.20   -62.58
  1915  2545   622    17.12   -61.78
  1916  2534   614    18.04   -63.12
  1917  2535   619    17.48   -62.98
  1918  2536   615    17.90   -62.85
  1919  2548   629    16.27   -61.52
  1920  2549   635    15.53   -61.30
  1921  2549   635    15.53   -61.40
  1922  2549   637    15.30   -61.40
  1923  2565   656    13.07   -59.48
  1924  2475   661    12.50   -70.01
  1925  2485   665    12.20   -68.97
  1926  2490   664    12.15   -68.28
  1927  2375   661    12.58   -81.72
  1928  2439   673    11.13   -74.23
  1929  2428   679    10.45   -75.52
  1930  2434   675    10.90   -74.77
  1931  2448   707     7.10   -73.20
  1932  2427   715     6.22   -75.60
  1933  2429   715     6.18   -75.43
  1934  2426   727     4.82   -75.80
  1935  2440   728     4.70   -74.13
  1936  2460   678    10.57   -71.73
  1937  2501   678    10.60   -66.98
  1938  2555   792    -2.83   -60.70
  1939  2660   780    -1.43   -48.48
  1940  2561   795    -3.15   -59.98
  1941  2744   800    -3.78   -38.53
  1942  2653   815    -5.53   -49.15
  1943  2707   811    -5.05   -42.82
  1944  2772   819    -5.92   -35.25
  1945  2730   835    -7.88   -40.08
  1946  2527   842    -8.70   -63.90
  1947  2652   839    -8.27   -49.28
  1948  2694   845    -9.07   -44.37
  1949  2659   859   -10.70   -48.40
  1950  2746   879   -13.00   -38.52
  1951  2594   902   -15.65   -56.10
  1952  2670   964   -23.00   -47.13
  1953  2654   959   -22.32   -49.07
  1954  2704   963   -22.90   -43.17
  1955  2674   970   -23.62   -46.65
  1956  2636  1025   -30.08   -51.18
  1957  2309   776    -0.90   -89.62
  1958  2404   769    -0.12   -78.35
  1959  2391   786    -2.15   -79.88
  1960  2398   837    -8.08   -79.12
  1961  2416   871   -12.02   -77.03
  1962  2520   894   -14.75   -64.80
  1963  2491   909   -16.50   -68.17
  1964  2469  1053   -33.38   -70.78
  1965  2465  1067   -34.97   -71.22
  1966  2583   983   -25.16   -57.38
  1967  2569  1002   -27.45   -59.05
  1968  2554  1049   -32.92   -60.78
  1969  2573  1065   -34.82   -58.53
  1970  2497  1159   -45.78   -67.45
  1971  1713   580    21.98  -159.35
  1972  1724   586    21.32  -158.07
  1973  1725   586    21.35  -157.93
  1974  1732   588    21.15  -157.10
  1975  1738   590    20.90  -156.43
  1976  1236   655    13.35   144.80
  1977  1244   639    15.12   145.73
  1978  1423   603    19.28   166.65
  1979  1749   600    19.72  -155.07
  1980  1296   704     7.47   151.85
  1981  1351   709     6.97   158.22
  1982  1392   723     5.33   163.03
  1983  1432   693     8.73   167.73
  1984  1463   708     7.08   171.38
  1985  1148   705     7.33   134.48
  1986  1179   687     9.48   138.08
  1987  1240   647    14.20   145.20
  1988  1243   640    15.00   145.60
  1989  1244   608    18.80   145.70
  1990  1150   699     8.10   134.70
  1991  1129   723     5.30   132.20
  1992  1174   697     8.30   137.50
  1993  1193   683    10.00   139.80
  1994  1199   684     9.80   140.50
  1995  1152   705     7.40   134.90
  1996  1234   695     8.60   144.60
  1997  1256   705     7.40   147.10
  1998  1274   705     7.40   149.20
  1999  1278   695     8.60   149.70
  2000  1297   695     8.60   151.90
  2001  1304   709     6.90   152.70
  2002  1313   721     5.50   153.80
  2003  1323   736     3.80   155.00
  2004  1343   718     5.80   157.30
  2005  1348   708     7.00   157.90
  2006  1364   710     6.80   159.80
  2007  1372   715     6.20   160.70
  2008  1387   667    11.80   162.50
  2009  1414   692     8.90   165.70
  2010  1441   706     7.30   168.80
  2011  1448   718     5.90   169.60
  2012  1449   672    11.20   169.80
  2013  1453   687     9.50   170.20
  2014  1467   716     6.10   171.80
  2015  1870   922   -18.07  -140.95
  2016  1492  1084   -37.02   174.80
  2017  1116   875   -12.42   130.87
  2018  1304  1004   -27.63   152.72
  2019   990  1040   -31.92   115.97
  2020  1291  1058   -33.95   151.18
  2021  1236  1090   -37.67   144.83
  2022  1272  1070   -35.40   148.98
  2023  1259  1134   -42.83   147.50
  2024   911   820    -6.15   106.85
  2025  2330   500    31.42   -87.05
  2026  1029   638    15.18   120.57
  2027  1034   644    14.52   121.00
  2028  1042   709     6.90   122.07
  2029  2410   482    33.49   -77.59
  2030  2096   517    29.37  -114.47
  2031  2104   424    40.33  -113.50
  2032  2394   468    35.17   -79.50
  2033  2205   351    48.83  -101.67
  2034  3067   391    44.22    -0.67
  2035   184  1007   -28.00    21.50
  2036  2492  1114   -40.50   -68.00
  2037  2565  1001   -27.33   -59.50
  2038  1152  1009   -28.23   134.98
  2039  2841   438    38.70   -27.10
  2040  1794   246    61.20  -149.80
  2041  2950   835    -7.90   -14.40
  2042  1189   463    35.70   139.30
  2043  2607   351    48.90   -54.50
  2044    42   397    43.50     4.90
  2045  2997   318    52.70    -8.90
  2046  1129   892   -14.50   132.30
  2047  3005   443    38.10    -7.90
  2048  1031   561    24.20   120.60
  2049   862   660    12.70   101.00
  2050   355   595    20.30    41.60
  2051  1616   890   -14.30  -170.70
  2052  2481  1208   -51.60   -69.30
  2053  2139  1000   -27.20  -109.40
  2054   756   575    22.60    88.50
  2055  2775   837    -8.10   -34.90
  2056  2676   968   -23.40   -46.50
  2057   683   707     7.20    79.90
  2058  2501   678    10.60   -67.00
  2059  2625   727     4.80   -52.40
  2060   622   605    19.10    72.80
  2061   406   928   -18.80    47.50
  2062  2126   493    32.20  -110.90
  2063  2193   392    44.10  -103.10
  2064  1818   217    64.60  -147.00
  2065  2044   472    34.80  -120.60
  2066  2065   473    34.60  -118.10
  2067  2104   425    40.19  -113.47
  2068   592   470    34.95    69.27
  2069  3061   317    52.83    -1.32
  2070    62   691     9.01     7.26
  2071  2079   566    23.61  -116.48
  2072   543   375    46.00    63.56
  2073   578   361    47.67    67.73
  2074  1741   600    19.73  -156.05
  2075  1917   262    59.23  -135.43
  2076  1824   246    61.13  -146.25
  2077  1734   591    20.78  -156.95
  2078  1736   590    21.02  -156.63
  2079  2505   616    17.85   -66.52
  2080  2499   613    18.17   -67.15
  2081  2278   467    35.25   -93.09
  2082  1094   900   -15.51   128.15
  2083  3010   277    57.48    -7.36
  2084    87   304    54.38    10.13
