000028
000068
000162
000254
000262
000263
000264
000265
000268
000269
000296
000297
000360
000361
000363
000364
000365
000402
000403
000404
000604
000609
000610
000611
000612
000643
000694
000695
000696
000697
000704
000710
000714
000715
000743
000748
000749
000751
000752
000764
000804
000807
000810
000811
000814
042002
042019
042020
072253
072356
090001
090002
090003
090004
090005
090006
090007
090008
090009
090010
090011
090012
090013
090016
486010
486470
486870
488200
489000
562940
570360
722310
722314
722315
722317
722350
722356
722358
722359
722390
722400
722405
722410
722420
722430
722435
722445
722446
722448
722470
722480
722486
722487
722490
722500
722505
722506
722510
722517
722520
722527
722530
722540
722550
722560
722576
722583
722587
722590
722596
722600
722610
722620
722630
722636
722640
722650
722656
722660
722670
722680
722687
722688
722690
722695
722700
722710
722725
723400
723403
723407
723415
723417
723418
723419
723440
723445
723446
723447
723448
723480
723490
723510
723525
723526
723527
723530
723546
723550
723555
723560
723565
723566
723570
723604
723627
723630
723640
723650
723656
723658
723676
723677
746290
746300
746400
746410
746470
746480
746490
747310
747320
747330
747350
747400
747500
747520
747530
760753
762253
762863
763503
763820
763940
763943
763993
764120
764235
764580
764593
764910
764915
765255
765390
765493
765710
766013
766133
766534
766655
766753
766793
766913
767383
767493
767584
768050
768056
768485
769043
786270
786410
786470
967430
999210
999912
