FBNT21 18 07130 030.00 W 2 7 60.00 N 2 03 04 000011110 1
FBNT23 18 07132 030.00 W 2 7 45.00 N 2 03 04 000011110 1
FBNT25 18 07134 030.00 W 2 6 30.00 N 2 04 04 000011110 1
FBNT27 18 07154 065.00 W 2 7 60.00 N 2 03 04 000011110 1
FBNT29 18 07159 065.00 W 2 7 45.00 N 2 03 04 000011110 1
FBNT31 18 07161 060.00 W 2 6 30.00 N 2 04 04 000011110 1
FBSA21 18 07170 060.00 W 2 6 05.00 S 2 05 04 000011110 1
FBSA23 18 07172 085.00 W 2 5 05.00 S 2 05 04 000011110 1
FBNA21 18 07174 100.00 W 2 7 60.00 N 2 03 04 000011110 1
FBNA23 18 07176 100.00 W 2 7 45.00 N 2 03 04 000011110 1
FBNA25 18 07184 130.00 W 2 6 65.00 N 2 04 04 000011110 1
FBNA27 18 07186 130.00 W 2 6 45.00 N 2 03 04 000011110 1
FBCA21 18 07192 090.00 W 2 6 30.00 N 2 04 04 000011110 1
FBCA23 18 07194 065.00 W 2 6 10.00 N 2 03 04 000011110 1
FBCA25 18 07196 100.00 W 2 7 10.00 N 2 03 04 000011110 1
FBCA27 18 07198 120.00 W 2 6 30.00 N 2 04 04 000011110 1
FBPA21 18 07294 160.00 W 2 6 65.00 N 2 04 04 000011110 1
FBPA23 18 07296 160.00 W 2 6 45.00 N 2 03 04 000011110 1
FBPA25 18 07299 155.00 W 2 7 30.00 N 2 03 04 000011110 1
FBPA27 18 07301 155.00 W 2 7 15.00 N 2 04 04 000011110 1
FBPA29 18 07303 170.00 E 2 6 60.00 N 2 03 04 000011110 1
FBPA31 18 07305 170.00 E 2 6 45.00 N 2 03 04 000011110 1
FBPA33 18 07307 170.00 E 2 7 30.00 N 2 03 04 000011110 1
FBPA35 18 07309 140.00 E 2 6 50.00 N 2 04 04 000011110 1
FBPA37 18 07311 140.00 E 2 6 30.00 N 2 04 04 000011110 1
FBPA39 18 07313 110.00 E 2 6 30.00 N 2 04 04 000011110 1
FBNT11 18 07103 035.00 W 2 7 65.00 N 2 05 04 111100000 0
FBNT13 18 07106 070.00 W 2 7 65.00 N 2 06 04 111100000 0
FBNT15 18 03933 035.00 W 2 7 40.00 N 2 04 04 111100000 0
FBCA11 18 07108 065.00 W 2 5 20.00 N 2 05 04 111100000 0
FBCA13 18 07111 090.00 W 2 5 35.00 N 2 08 04 111100000 0
FBUS11 18 07116 125.00 W 2 7 40.00 N 2 06 04 111100000 0
FBPA11 18 07120 160.00 W 2 7 40.00 N 2 05 04 111100000 0
FBPA41 18 06585 170.00 E 2 7 15.00 N 2 04 04 000011110 1
FBPA43 18 06587 140.00 E 2 6 10.00 N 2 03 04 000011110 1
FBPA45 18 06589 110.00 E 2 6 10.00 N 2 03 04 000011110 1
FBAS21 18 07248 110.00 E 2 6 50.00 N 2 04 04 000011110 1
FBAS23 18 07250 100.00 E 2 2 30.00 N 2 07 04 000011110 1
FBNT22 24 07131 030.00 W 2 7 60.00 N 2 03 04 000011110 1
FBNT24 24 07133 030.00 W 2 7 45.00 N 2 03 04 000011110 1
FBNT26 24 07135 030.00 W 2 6 30.00 N 2 04 04 000011110 1
FBNT28 24 07155 065.00 W 2 7 60.00 N 2 03 04 000011110 1
FBNT30 24 07160 065.00 W 2 7 45.00 N 2 03 04 000011110 1
FBNT32 24 07162 060.00 W 2 6 30.00 N 2 04 04 000011110 1
FBSA22 24 07171 060.00 W 2 6 05.00 S 2 05 04 000011110 1
FBSA24 24 07173 085.00 W 2 5 05.00 S 2 05 04 000011110 1
FBNA22 24 07175 100.00 W 2 7 60.00 N 2 03 04 000011110 1
FBNA24 24 07177 100.00 W 2 7 45.00 N 2 03 04 000011110 1
FBNA26 24 07185 130.00 W 2 6 65.00 N 2 04 04 000011110 1
FBNA28 24 07187 130.00 W 2 6 45.00 N 2 03 04 000011110 1
FBCA22 24 07193 090.00 W 2 6 30.00 N 2 04 04 000011110 1
FBCA24 24 07195 065.00 W 2 6 10.00 N 2 03 04 000011110 1
FBCA26 24 07197 100.00 W 2 7 10.00 N 2 03 04 000011110 1
FBCA28 24 07199 120.00 W 2 6 30.00 N 2 04 04 000011110 1
FBPA22 24 07295 160.00 W 2 6 65.00 N 2 04 04 000011110 1
FBPA24 24 07297 160.00 W 2 6 45.00 N 2 03 04 000011110 1
FBPA26 24 07300 155.00 W 2 7 30.00 N 2 03 04 000011110 1
FBPA28 24 07302 155.00 W 2 7 15.00 N 2 04 04 000011110 1
FBPA30 24 07304 170.00 E 2 6 60.00 N 2 03 04 000011110 1
FBPA32 24 07306 170.00 E 2 6 45.00 N 2 03 04 000011110 1
FBPA34 24 07308 170.00 E 2 7 30.00 N 2 03 04 000011110 1
FBPA36 24 07310 140.00 E 2 6 50.00 N 2 04 04 000011110 1
FBPA38 24 07312 140.00 E 2 6 30.00 N 2 04 04 000011110 1
FBPA40 24 07314 110.00 E 2 6 30.00 N 2 04 04 000011110 1
FBNT12 24 07104 035.00 W 2 7 65.00 N 2 05 04 111100000 0
FBNT14 24 07107 070.00 W 2 7 65.00 N 2 06 04 111100000 0
FBNT16 24 03934 035.00 W 2 7 40.00 N 2 04 04 111100000 0
FBCA12 24 07109 065.00 W 2 5 20.00 N 2 05 04 111100000 0
FBCA14 24 07112 090.00 W 2 5 35.00 N 2 08 04 111100000 0
FBUS12 24 07117 125.00 W 2 7 40.00 N 2 06 04 111100000 0
FBPA12 24 07121 160.00 W 2 7 40.00 N 2 05 04 111100000 0
FBPA42 24 06586 170.00 E 2 7 15.00 N 2 04 04 000011110 1
FBPA44 24 06588 140.00 E 2 6 10.00 N 2 03 04 000011110 1
FBPA46 24 06590 110.00 E 2 6 10.00 N 2 03 04 000011110 1
FBAS22 24 07249 110.00 E 2 6 50.00 N 2 04 04 000011110 1
FBAS24 24 07251 100.00 E 2 2 30.00 N 2 07 04 000011110 1
FBPA13 18 05658 160.00 W 2 7 65.00 N 2 05 04 111100000 0
FBPA14 24 05663 160.00 W 2 7 65.00 N 2 05 04 111100000 0
FBPA15 18 05672 170.00 E 2 6 60.00 N 2 03 04 111100000 0
FBPA16 24 05678 170.00 E 2 6 60.00 N 2 03 04 111100000 0
FBPA17 18 05679 170.00 E 2 6 45.00 N 2 03 04 111100000 0
FBPA18 24 05680 170.00 E 2 6 45.00 N 2 03 04 111100000 0
FBPA19 18 05682 140.00 E 2 6 50.00 N 2 04 04 111100000 0
FBPA20 24 05688 140.00 E 2 6 50.00 N 2 04 04 111100000 0
FBNA11 18 05690 090.00 W 2 4 65.00 N 2 06 04 111100000 0
FBNA12 24 05691 090.00 W 2 4 65.00 N 2 06 04 111100000 0
FBNA13 18 05692 125.00 W 2 7 65.00 N 2 05 04 111100000 0
FBNA14 24 05693 125.00 W 2 7 65.00 N 2 05 04 111100000 0
FBNT17 18 05694 065.00 W 2 6 35.00 N 2 03 04 111100000 0
FBNT18 24 05697 065.00 W 2 6 35.00 N 2 03 04 111100000 0
FBEU21 18 05827 005.00 E 2 7 60.00 N 2 03 04 000011110 1
FBEU23 18 05829 005.00 E 2 7 45.00 N 2 03 04 000011110 1
FBEU22 24 05828 005.00 E 2 7 60.00 N 2 03 04 000011110 1
FBEU24 24 05842 005.00 E 2 7 45.00 N 2 03 04 000011110 1
FBPA47 18 00000 155.00 W 2 6 15.00 N 2 04 04 111100000 0
FBPA48 24 00000 155.00 W 2 6 15.00 N 2 04 04 111100000 0
FBPA49 18 00000 170.00 E 2 7 30.00 N 2 03 04 111100000 0
FBPA50 24 00000 170.00 E 2 7 30.00 N 2 03 04 111100000 0
FBPA51 18 00000 140.00 E 2 6 30.00 N 2 04 04 111100000 0
FBPA52 24 00000 140.00 E 2 6 30.00 N 2 04 04 111100000 0
FBPA53 18 00000 170.00 E 2 7 15.00 N 2 04 04 111100000 0
FBPA54 24 00000 170.00 E 2 7 15.00 N 2 04 04 111100000 0
FBPA55 18 00000 140.00 E 2 6 10.00 N 2 03 04 111100000 0
FBPA56 24 00000 140.00 E 2 6 10.00 N 2 03 04 111100000 0
FBPA57 18 00000 110.00 E 2 6 10.00 N 2 03 04 111100000 0
FBPA58 24 00000 110.00 E 2 6 10.00 N 2 03 04 111100000 0
