  63
   350.0    -0.5 
   350.0    -0.5 
   350.0    -0.5 
   350.0    -0.5 
   350.0    -0.5 
   350.0    -0.5 
   350.0    -0.5 
   350.0    -0.5 
   350.0    -0.5 
   350.0    -0.5 
   350.0    -0.5 
   350.0    -0.5 
   350.0    -0.5 
   350.0    -0.5 
   350.0    -0.5 
   350.0    -0.5 
   350.0    -0.5 
   350.0    -0.5 
   350.0    -0.5 
   350.0    -0.5 
   350.0    -0.5 
   350.0    -0.5 
   350.0    -0.5 
   350.0    -0.5 
   350.0    -0.5 
   350.0    -0.5 
   350.0    -0.5 
   350.0    -0.5 
   350.0    -0.5 
   350.0    -0.5 
   350.0    -0.5 
   360.0    -0.5 
   370.0    -0.5 
   380.0    -0.5 
   390.0    -0.5 
   440.0    -0.5 
   510.0    -0.5 
   585.0    -0.5 
   665.0    -0.5 
   750.0    -0.5 
   800.0    -0.5 
   850.0    -0.5 
   900.0    -0.5 
   950.0    -0.5 
  1000.0    -0.5 
  1000.0    -0.5 
  1000.0    -0.5 
  1000.0    -0.5 
  1000.0    -0.5 
  1000.0    -0.5 
  1000.0    -0.5 
  1000.0    -0.5 
  1000.0    -0.5 
  1000.0    -0.5 
  1100.0    -0.5 
  1150.0    -0.5 
  1200.0    -0.5 
  1250.0    -0.5 
  1300.0    -0.5 
  1300.0    -0.5 
  1300.0    -0.5 
  1300.0    -0.5 
  1300.0    -0.5 
