1
3
GFSPRS
0
ncep_nco
v2003
local_tab_yes1
fcst
oper
fcst
fcst
hour
nws_ncep
gfs_avn
complex_packing_spatial_diff
2nd_ord_sptdiff
fltng_pnt
lossless
464
EDPARM_GTG_ON_ISOBARIC_SFC
?
1
tmpl4_0
EDPARM
?
?
isobaric_sfc
0
?
37
10000. 12500. 15000. 17500. 20000. 22500. 25000. 27500. 30000. 32500. 35000. 37500. 40000. 42500. 45000. 47500. 50000. 52500. 55000. 57500. 60000. 62500. 65000. 67500. 70000. 72500. 75000. 77500. 80000. 82500. 85000. 87500. 90000. 92500. 95000. 97500. 100000.
?
0
?
0
?
?
?
0
0.0
0
0.0
?
0
0.0
0
0.0
1
3.0
0
0
0
?
?
?
465
CAT_GTG_ON_ISOBARIC_SFC
?
1
tmpl4_0
CATEDR
?
?
isobaric_sfc
0
?
37
10000. 12500. 15000. 17500. 20000. 22500. 25000. 27500. 30000. 32500. 35000. 37500. 40000. 42500. 45000. 47500. 50000. 52500. 55000. 57500. 60000. 62500. 65000. 67500. 70000. 72500. 75000. 77500. 80000. 82500. 85000. 87500. 90000. 92500. 95000. 97500. 100000.
?
0
?
0
?
?
?
0
0.0
0
0.0
?
0
0.0
0
0.0
1
3.0
0
0
0
?
?
?
466
MWTURB_GTG_ON_ISOBARIC_SFC
?
1
tmpl4_0
MWTURB
?
?
isobaric_sfc
0
?
37
10000. 12500. 15000. 17500. 20000. 22500. 25000. 27500. 30000. 32500. 35000. 37500. 40000. 42500. 45000. 47500. 50000. 52500. 55000. 57500. 60000. 62500. 65000. 67500. 70000. 72500. 75000. 77500. 80000. 82500. 85000. 87500. 90000. 92500. 95000. 97500. 100000.
?
0
?
0
?
?
?
0
0.0
0
0.0
?
0
0.0
0
0.0
1
3.0
0
0
0
?
?
?
